1.000000000000000000e+00 0.000000000000000000e+00 -3.979039320256561041e-11 -2.910383045673370361e-11 0.000000000000000000e+00 1.000000000000000000e+00 0.000000000000000000e+00 9.094947017729282379e-13 5.709352990379557014e-10 0.000000000000000000e+00 1.000000000000000000e+00 9.313225746154785156e-10
9.998534321784973145e-01 -4.951268434524536133e-03 1.638717390596866608e-02 6.536343134939670563e-04 4.935201257467269897e-03 9.999873638153076172e-01 1.020769006572663784e-03 -3.783614083658903837e-04 -1.639202050864696503e-02 -9.397368412464857101e-04 9.998651742935180664e-01 1.607551053166389465e-02
9.998135566711425781e-01 -7.888038642704486847e-03 1.762440986931324005e-02 9.773878846317529678e-04 7.892369292676448822e-03 9.999688267707824707e-01 -1.758802100084722042e-04 -5.652405088767409325e-04 -1.762246340513229370e-02 3.149633703287690878e-04 9.998446702957153320e-01 2.408349327743053436e-02
9.998448491096496582e-01 -9.498339146375656128e-03 1.483737211674451828e-02 1.210048678331077099e-03 9.518921375274658203e-03 9.999538660049438477e-01 -1.317778951488435268e-03 -7.645969744771718979e-04 -1.482415571808815002e-02 1.458810642361640930e-03 9.998890161514282227e-01 3.224638104438781738e-02
9.998949170112609863e-01 -1.237016730010509491e-02 7.563472725450992584e-03 1.333798398263752460e-03 1.238787453621625900e-02 9.999207258224487305e-01 -2.299332059919834137e-03 -9.548185626044869423e-04 -7.534416858106851578e-03 2.392799127846956253e-03 9.999687671661376953e-01 4.066753387451171875e-02
9.998838305473327637e-01 -1.456138398498296738e-02 -4.518185276538133621e-03 1.108111115172505379e-03 1.454251538962125778e-02 9.998855590820312500e-01 -4.181826021522283554e-03 -1.130306627601385117e-03 4.578572697937488556e-03 4.115655552595853806e-03 9.999811053276062012e-01 4.896378517150878906e-02
9.996934533119201660e-01 -1.387105509638786316e-02 -2.051273919641971588e-02 4.062025109305977821e-04 1.378122344613075256e-02 9.998949170112609863e-01 -4.514283500611782074e-03 -1.246441737748682499e-03 2.057321183383464813e-02 4.230231977999210358e-03 9.997794628143310547e-01 5.758611112833023071e-02
9.991922378540039062e-01 -1.005387585610151291e-02 -3.891059383749961853e-02 -5.621390300802886486e-04 9.884890168905258179e-03 9.999409317970275879e-01 -4.532911349087953568e-03 -1.367078046314418316e-03 3.895387798547744751e-02 4.144643433392047882e-03 9.992324709892272949e-01 6.646999716758728027e-02
9.983080029487609863e-01 -7.187816314399242401e-03 -5.770369246602058411e-02 -1.708512194454669952e-03 6.857465486973524094e-03 9.999590516090393066e-01 -5.920968484133481979e-03 -1.520512392744421959e-03 5.774388834834098816e-02 5.515267606824636459e-03 9.983162879943847656e-01 7.542953640222549438e-02
9.970189332962036133e-01 -6.936843041330575943e-03 -7.684672623872756958e-02 -3.124220995232462883e-03 6.462988909333944321e-03 9.999586343765258789e-01 -6.413240917026996613e-03 -1.643463037908077240e-03 7.688803970813751221e-02 5.897480994462966919e-03 9.970223307609558105e-01 8.520203083753585815e-02
9.952452778816223145e-01 -8.367627859115600586e-03 -9.704216569662094116e-02 -4.613871686160564423e-03 7.829145528376102448e-03 9.999518990516662598e-01 -5.928432103246450424e-03 -1.783973770216107368e-03 9.708710759878158569e-02 5.140505265444517136e-03 9.952626228332519531e-01 9.514004737138748169e-02
9.932135939598083496e-01 -9.789013303816318512e-03 -1.158932000398635864e-01 -6.367268040776252747e-03 9.248016402125358582e-03 9.999438524246215820e-01 -5.204875022172927856e-03 -1.930868485942482948e-03 1.159376353025436401e-01 4.097789525985717773e-03 9.932481050491333008e-01 1.059588119387626648e-01
9.910018444061279297e-01 -9.095731191337108612e-03 -1.335396617650985718e-01 -8.450725115835666656e-03 8.557731285691261292e-03 9.999529123306274414e-01 -4.602225031703710556e-03 -2.088417764753103256e-03 1.335752308368682861e-01 3.418038599193096161e-03 9.910327792167663574e-01 1.173265799880027771e-01
9.887970089912414551e-01 -8.368660695850849152e-03 -1.490321904420852661e-01 -1.084110606461763382e-02 7.872886955738067627e-03 9.999614953994750977e-01 -3.916277550160884857e-03 -2.263221656903624535e-03 1.490592062473297119e-01 2.699109492823481560e-03 9.888246059417724609e-01 1.291894912719726562e-01
9.866859316825866699e-01 -7.907886058092117310e-03 -1.624453961849212646e-01 -1.342058181762695312e-02 7.368701975792646408e-03 9.999653100967407227e-01 -3.921431023627519608e-03 -2.452348591759800911e-03 1.624707877635955811e-01 2.672230591997504234e-03 9.867097139358520508e-01 1.414618045091629028e-01
9.845929741859436035e-01 -9.671869687736034393e-03 -1.745948791503906250e-01 -1.608993485569953918e-02 8.967264555394649506e-03 9.999482631683349609e-01 -4.824099596589803696e-03 -2.645592205226421356e-03 1.746325343847274780e-01 3.184151370078325272e-03 9.846284389495849609e-01 1.539581120014190674e-01
9.827610850334167480e-01 -1.363653782755136490e-02 -1.843765676021575928e-01 -1.870464533567428589e-02 1.254158001393079758e-02 9.998962283134460449e-01 -7.103622425347566605e-03 -2.827934455126523972e-03 1.844543367624282837e-01 4.668798763304948807e-03 9.828298687934875488e-01 1.667560487985610962e-01
9.811913967132568359e-01 -1.361335068941116333e-02 -1.925570368766784668e-01 -2.151530608534812927e-02 1.217923872172832489e-02 9.998887777328491211e-01 -8.629515767097473145e-03 -3.095956752076745033e-03 1.926531046628952026e-01 6.122016347944736481e-03 9.812477231025695801e-01 1.795794367790222168e-01
9.796371459960937500e-01 -1.384456828236579895e-02 -2.002987265586853027e-01 -2.459191903471946716e-02 1.209207624197006226e-02 9.998773336410522461e-01 -9.970204904675483704e-03 -3.364329226315021515e-03 2.004121989011764526e-01 7.345161400735378265e-03 9.796839952468872070e-01 1.927836984395980835e-01
9.779537916183471680e-01 -1.497525721788406372e-02 -2.082839757204055786e-01 -2.787587232887744904e-02 1.266236696392297745e-02 9.998427033424377441e-01 -1.243351027369499207e-02 -3.689586417749524117e-03 2.084374129772186279e-01 9.522042237222194672e-03 9.779891371726989746e-01 2.065497338771820068e-01
9.761584997177124023e-01 -1.938819698989391327e-02 -2.161912620067596436e-01 -3.125450760126113892e-02 1.681303791701793671e-02 9.997643232345581055e-01 -1.374452561140060425e-02 -4.072169307619333267e-03 2.164068073034286499e-01 9.782003238797187805e-03 9.762541055679321289e-01 2.209572792053222656e-01
9.742285013198852539e-01 -2.649667859077453613e-02 -2.240018248558044434e-01 -3.473932668566703796e-02 2.368341200053691864e-02 9.996035695075988770e-01 -1.523704640567302704e-02 -4.418148193508386612e-03 2.243167459964752197e-01 9.539240971207618713e-03 9.744694232940673828e-01 2.357987314462661743e-01
9.722026586532592773e-01 -2.744858153164386749e-02 -2.325267493724822998e-01 -3.879905864596366882e-02 2.401699312031269073e-02 9.995571970939636230e-01 -1.757665909826755524e-02 -4.870718345046043396e-03 2.329062521457672119e-01 1.150347944349050522e-02 9.724309444427490234e-01 2.509456872940063477e-01
9.701081514358520508e-01 -2.446235343813896179e-02 -2.414371222257614136e-01 -4.330348595976829529e-02 1.989090256392955780e-02 9.995743036270141602e-01 -2.135387063026428223e-02 -5.410981364548206329e-03 2.418567240238189697e-01 1.591315492987632751e-02 9.701812267303466797e-01 2.665474116802215576e-01
9.679472446441650391e-01 -2.224951051175594330e-02 -2.501662373542785645e-01 -4.794381558895111084e-02 1.677728258073329926e-02 9.995716810226440430e-01 -2.398592792451381683e-02 -5.978042725473642349e-03 2.505927681922912598e-01 1.901998929679393768e-02 9.679055213928222656e-01 2.824389934539794922e-01
9.655953645706176758e-01 -2.517999149858951569e-02 -2.588272094726562500e-01 -5.270979553461074829e-02 1.926671527326107025e-02 9.994929432868957520e-01 -2.535816095769405365e-02 -6.644917652010917664e-03 2.593345046043395996e-01 1.949897035956382751e-02 9.655904769897460938e-01 2.989195585250854492e-01
9.632709622383117676e-01 -2.853462286293506622e-02 -2.670107483863830566e-01 -5.761875212192535400e-02 2.199544757604598999e-02 9.993813037872314453e-01 -2.744985744357109070e-02 -7.337430492043495178e-03 2.676288187503814697e-01 2.056863717734813690e-02 9.633023142814636230e-01 3.154841065406799316e-01
9.610177278518676758e-01 -2.886944822967052460e-02 -2.749753892421722412e-01 -6.297817081212997437e-02 2.153309434652328491e-02 9.993281960487365723e-01 -2.966218814253807068e-02 -8.121943101286888123e-03 2.756469547748565674e-01 2.258482016623020172e-02 9.609934091567993164e-01 3.325210511684417725e-01
9.587552547454833984e-01 -2.858430705964565277e-02 -2.827918231487274170e-01 -6.870401650667190552e-02 2.006640285253524780e-02 9.992550015449523926e-01 -3.297209367156028748e-02 -8.950918912887573242e-03 2.835235595703125000e-01 2.593755535781383514e-02 9.586142897605895996e-01 3.499781489372253418e-01
9.564284086227416992e-01 -3.020332194864749908e-02 -2.904004156589508057e-01 -7.474357634782791138e-02 2.004041709005832672e-02 9.990804195404052734e-01 -3.790732845664024353e-02 -9.916175156831741333e-03 2.912782728672027588e-01 3.043589368462562561e-02 9.561538696289062500e-01 3.681988120079040527e-01
9.545009136199951172e-01 -3.292539343237876892e-02 -2.963844835758209229e-01 -8.107733726501464844e-02 2.033711411058902740e-02 9.987595081329345703e-01 -4.545699432492256165e-02 -1.100537925958633423e-02 2.975134551525115967e-01 3.736114129424095154e-02 9.539861083030700684e-01 3.870338797569274902e-01
9.532164335250854492e-01 -3.496445715427398682e-02 -3.002593815326690674e-01 -8.742047101259231567e-02 1.972758397459983826e-02 9.983662366867065430e-01 -5.362920463085174561e-02 -1.215493865311145782e-02 3.016438782215118408e-01 4.519684612751007080e-02 9.523485302925109863e-01 4.054623544216156006e-01
9.519412517547607422e-01 -3.627261146903038025e-02 -3.041250407695770264e-01 -9.391105920076370239e-02 1.814149320125579834e-02 9.978969097137451172e-01 -6.223324686288833618e-02 -1.347136497497558594e-02 3.057427406311035156e-01 5.372510477900505066e-02 9.505969285964965820e-01 4.239943623542785645e-01
9.505978822708129883e-01 -3.661542013287544250e-02 -3.082580268383026123e-01 -1.005970835685729980e-01 1.539200916886329651e-02 9.973576068878173828e-01 -7.100234180688858032e-02 -1.500431727617979050e-02 3.100432157516479492e-01 6.274994462728500366e-02 9.486491680145263672e-01 4.425917863845825195e-01
9.491435885429382324e-01 -3.688989952206611633e-02 -3.126750588417053223e-01 -1.072958111763000488e-01 1.302583608776330948e-02 9.968629479408264160e-01 -7.807070761919021606e-02 -1.668519526720046997e-02 3.145741224288940430e-01 7.002741843461990356e-02 9.466460943222045898e-01 4.612196683883666992e-01
9.475094079971313477e-01 -3.573837876319885254e-02 -3.177241683006286621e-01 -1.141856461763381958e-01 9.217612445354461670e-03 9.963737726211547852e-01 -8.458585292100906372e-02 -1.850328966975212097e-02 3.195948898792266846e-01 7.721719890832901001e-02 9.444024562835693359e-01 4.797694981098175049e-01
9.457888603210449219e-01 -3.590238466858863831e-02 -3.227916657924652100e-01 -1.210358142852783203e-01 7.066427264362573624e-03 9.959110021591186523e-01 -9.006484597921371460e-02 -2.042645029723644257e-02 3.247052133083343506e-01 8.290130645036697388e-02 9.421747326850891113e-01 4.982721507549285889e-01
9.440870285034179688e-01 -3.475795313715934753e-02 -3.278590440750122070e-01 -1.277999579906463623e-01 3.580699441954493523e-03 9.954498410224914551e-01 -9.522157907485961914e-02 -2.236637659370899200e-02 3.296768665313720703e-01 8.872345089912414551e-02 9.399151802062988281e-01 5.159719586372375488e-01
9.424139857292175293e-01 -3.259097412228584290e-02 -3.328567445278167725e-01 -1.347575187683105469e-01 -2.088423934765160084e-04 9.951833486557006836e-01 -9.803239256143569946e-02 -2.445132285356521606e-02 3.344483673572540283e-01 9.245658665895462036e-02 9.378674030303955078e-01 5.339222550392150879e-01
9.407421946525573730e-01 -3.191755339503288269e-02 -3.376170694828033447e-01 -1.417354047298431396e-01 -1.840539742261171341e-03 9.950659871101379395e-01 -9.919957071542739868e-02 -2.659513242542743683e-02 3.391173779964447021e-01 9.394259750843048096e-02 9.360412955284118652e-01 5.517568588256835938e-01
9.386810660362243652e-01 -3.209331259131431580e-02 -3.432897329330444336e-01 -1.488911360502243042e-01 -1.884973258711397648e-03 9.951660633087158203e-01 -9.818961471319198608e-02 -2.877169847488403320e-02 3.447814583778381348e-01 9.281580150127410889e-02 9.340825080871582031e-01 5.697835683822631836e-01
9.364752769470214844e-01 -3.234130889177322388e-02 -3.492389619350433350e-01 -1.562467962503433228e-01 -1.553399721160531044e-03 9.953474402427673340e-01 -9.633944928646087646e-02 -3.100151568651199341e-02 3.507297635078430176e-01 9.076201170682907104e-02 9.320675730705261230e-01 5.881502628326416016e-01
9.339468479156494141e-01 -3.285517916083335876e-02 -3.558984696865081787e-01 -1.636274605989456177e-01 -9.270764421671628952e-04 9.955400228500366211e-01 -9.433706104755401611e-02 -3.316245973110198975e-02 3.574105203151702881e-01 8.843573182821273804e-02 9.297505021095275879e-01 6.063262820243835449e-01
9.308698177337646484e-01 -3.256724402308464050e-02 -3.638965785503387451e-01 -1.714320629835128784e-01 -8.094231598079204559e-04 9.958330988883972168e-01 -9.119328111410140991e-02 -3.531972318887710571e-02 3.653500080108642578e-01 8.518359810113906860e-02 9.269640445709228516e-01 6.251178383827209473e-01
9.277011752128601074e-01 -3.077973611652851105e-02 -3.720525503158569336e-01 -1.792968958616256714e-01 -1.394478837028145790e-03 9.963029623031616211e-01 -8.590055257081985474e-02 -3.740289434790611267e-02 3.733209073543548584e-01 8.020885288715362549e-02 9.242279529571533203e-01 6.435543894767761230e-01
9.243400692939758301e-01 -2.805429510772228241e-02 -3.805369436740875244e-01 -1.878451257944107056e-01 -3.063471289351582527e-03 9.967159032821655273e-01 -8.092189580202102661e-02 -3.951275721192359924e-02 3.815572857856750488e-01 7.596510648727416992e-02 9.212180376052856445e-01 6.629105210304260254e-01
9.208121299743652344e-01 -2.476176805794239044e-02 -3.892196118831634521e-01 -1.967654526233673096e-01 -5.734270904213190079e-03 9.970151782035827637e-01 -7.699496299028396606e-02 -4.156557843089103699e-02 3.899642229080200195e-01 7.312977313995361328e-02 9.179211258888244629e-01 6.825649738311767578e-01
9.171081781387329102e-01 -2.367067523300647736e-02 -3.979350030422210693e-01 -2.059664130210876465e-01 -7.060568779706954956e-03 9.971145391464233398e-01 -7.558418810367584229e-02 -4.347924515604972839e-02 3.985757827758789062e-01 7.212851196527481079e-02 9.142943024635314941e-01 7.023325562477111816e-01
9.131368398666381836e-01 -2.417420037090778351e-02 -4.069355428218841553e-01 -2.152837961912155151e-01 -6.987737026065587997e-03 9.971654415130615234e-01 -7.491690665483474731e-02 -4.536572471261024475e-02 4.075929820537567139e-01 7.125294208526611328e-02 9.103791713714599609e-01 7.219596505165100098e-01
9.092529416084289551e-01 -2.401877008378505707e-02 -4.155502915382385254e-01 -2.247786670923233032e-01 -7.342126686125993729e-03 9.972531199455261230e-01 -7.370603829622268677e-02 -4.720636829733848572e-02 4.161790013313293457e-01 7.006844133138656616e-02 9.065785408020019531e-01 7.414743900299072266e-01
9.053890109062194824e-01 -2.333158068358898163e-02 -4.239412844181060791e-01 -2.346884310245513916e-01 -8.073249831795692444e-03 9.973626136779785156e-01 -7.213123142719268799e-02 -4.907327517867088318e-02 4.245059788227081299e-01 6.872940063476562500e-02 9.028123021125793457e-01 7.613857984542846680e-01
9.016014337539672852e-01 -2.449483610689640045e-02 -4.318733215332031250e-01 -2.447044551372528076e-01 -6.406010128557682037e-03 9.975300431251525879e-01 -6.995092332363128662e-02 -5.092531815171241760e-02 4.325198531150817871e-01 6.583444029092788696e-02 8.992171287536621094e-01 7.813625335693359375e-01
8.978239893913269043e-01 -2.419682778418064117e-02 -4.396889805793762207e-01 -2.550399005413055420e-01 -5.501116160303354263e-03 9.977952241897583008e-01 -6.614321470260620117e-02 -5.277630686759948730e-02 4.403197765350341797e-01 6.180375069379806519e-02 8.957107663154602051e-01 8.015171885490417480e-01
8.941510915756225586e-01 -2.190065570175647736e-02 -4.472289979457855225e-01 -2.656641602516174316e-01 -5.892936605960130692e-03 9.981412887573242188e-01 -6.066036969423294067e-02 -5.459848418831825256e-02 4.477259814739227295e-01 5.687505379319190979e-02 8.923594951629638672e-01 8.217139244079589844e-01
8.901335597038269043e-01 -2.176382392644882202e-02 -4.551791250705718994e-01 -2.768816053867340088e-01 -4.705234896391630173e-03 9.983668923377990723e-01 -5.693697556853294373e-02 -5.637684464454650879e-02 4.556747078895568848e-01 5.282327160239219666e-02 8.885769844055175781e-01 8.427374958992004395e-01
8.863315582275390625e-01 -2.325350791215896606e-02 -4.624661803245544434e-01 -2.887699902057647705e-01 -2.519095549359917641e-03 9.984815716743469238e-01 -5.503304302692413330e-02 -5.806319415569305420e-02 4.630434215068817139e-01 4.994254559278488159e-02 8.849267363548278809e-01 8.645350337028503418e-01
8.831377029418945312e-01 -2.383654564619064331e-02 -4.685072004795074463e-01 -3.006737530231475830e-01 -1.708760275505483150e-03 9.985383749008178711e-01 -5.402424186468124390e-02 -5.968656763434410095e-02 4.691099226474761963e-01 4.851143434643745422e-02 8.818057179450988770e-01 8.858467340469360352e-01
8.799815177917480469e-01 -2.371937036514282227e-02 -4.744148552417755127e-01 -3.129320740699768066e-01 -1.260008080862462521e-03 9.986326098442077637e-01 -5.226581543684005737e-02 -6.131628528237342834e-02 4.750055968761444092e-01 4.659073799848556519e-02 8.787478804588317871e-01 9.074834585189819336e-01
8.769321441650390625e-01 -2.485625073313713074e-02 -4.799705743789672852e-01 -3.254857063293457031e-01 2.929247857537120581e-04 9.986894130706787109e-01 -5.118386819958686829e-02 -6.293883174657821655e-02 4.806134998798370361e-01 4.474420472979545593e-02 8.757896423339843750e-01 9.293302893638610840e-01
8.743275403976440430e-01 -2.596120722591876984e-02 -4.846411049365997314e-01 -3.384760022163391113e-01 1.323692384175956249e-03 9.986923336982727051e-01 -5.110971257090568542e-02 -6.460423022508621216e-02 4.853340089321136475e-01 4.404513910412788391e-02 8.732180595397949219e-01 9.516675472259521484e-01
8.722934126853942871e-01 -2.736778929829597473e-02 -4.882159829139709473e-01 -3.516350984573364258e-01 2.492972882464528084e-03 9.986686706542968750e-01 -5.152780935168266296e-02 -6.620500236749649048e-02 4.889759421348571777e-01 4.373028501868247986e-02 8.711998462677001953e-01 9.740710854530334473e-01
8.708912134170532227e-01 -2.813559584319591522e-02 -4.906693398952484131e-01 -3.649172186851501465e-01 3.066109493374824524e-03 9.986518621444702148e-01 -5.182179808616638184e-02 -6.783562898635864258e-02 4.914655983448028564e-01 4.362673312425613403e-02 8.698030114173889160e-01 9.965111613273620605e-01
8.702895045280456543e-01 -2.803899347782135010e-02 -4.917413890361785889e-01 -3.783208131790161133e-01 3.466279013082385063e-03 9.987024664878845215e-01 -5.081099271774291992e-02 -6.953759491443634033e-02 4.925277531147003174e-01 4.251578822731971741e-02 8.692570924758911133e-01 1.018989086151123047e+00
8.699634671211242676e-01 -2.786907739937305450e-02 -4.923276603221893311e-01 -3.920384347438812256e-01 4.213724285364151001e-03 9.987856149673461914e-01 -4.909205809235572815e-02 -7.127773761749267578e-02 4.930976033210754395e-01 4.063379019498825073e-02 8.690240383148193359e-01 1.042111754417419434e+00
8.694984912872314453e-01 -2.937944233417510986e-02 -4.930607080459594727e-01 -4.059483408927917480e-01 6.207303609699010849e-03 9.988008141517639160e-01 -4.856784641742706299e-02 -7.298161089420318604e-02 4.938960075378417969e-01 3.916912153363227844e-02 8.686378002166748047e-01 1.065636396408081055e+00
8.687947392463684082e-01 -3.160665556788444519e-02 -4.941622316837310791e-01 -4.201237857341766357e-01 8.319578133523464203e-03 9.987518787384033203e-01 -4.925330728292465210e-02 -7.472793012857437134e-02 4.951018393039703369e-01 3.867984935641288757e-02 8.679730296134948730e-01 1.089509844779968262e+00
8.676112890243530273e-01 -3.409712016582489014e-02 -4.960722029209136963e-01 -4.344410598278045654e-01 1.091726589947938919e-02 9.987120628356933594e-01 -4.955165088176727295e-02 -7.648131251335144043e-02 4.971225559711456299e-01 3.757585957646369934e-02 8.668658733367919922e-01 1.113586425781250000e+00
8.660759329795837402e-01 -3.440186381340026855e-02 -4.987269937992095947e-01 -4.486455023288726807e-01 1.219908054918050766e-02 9.987868666648864746e-01 -4.771089553833007812e-02 -7.820487767457962036e-02 4.997629821300506592e-01 3.523728623986244202e-02 8.654447197914123535e-01 1.137190699577331543e+00
8.640608191490173340e-01 -3.379511460661888123e-02 -5.022513866424560547e-01 -4.634549915790557861e-01 1.353952009230852127e-02 9.989433884620666504e-01 -4.392296820878982544e-02 -7.998399436473846436e-02 5.032047033309936523e-01 3.115191869437694550e-02 8.636051416397094727e-01 1.161522388458251953e+00
8.613479733467102051e-01 -3.438365831971168518e-02 -5.068502426147460938e-01 -4.783978164196014404e-01 1.624306663870811462e-02 9.990610480308532715e-01 -4.017040133476257324e-02 -8.167386054992675781e-02 5.077552199363708496e-01 2.636793628334999084e-02 8.610973358154296875e-01 1.185937762260437012e+00
8.574469685554504395e-01 -3.485364466905593872e-02 -5.133902430534362793e-01 -4.937111735343933105e-01 1.749196834862232208e-02 9.991013407707214355e-01 -3.861356526613235474e-02 -8.328705281019210815e-02 5.142743587493896484e-01 2.412892132997512817e-02 8.572857975959777832e-01 1.210466623306274414e+00
8.520246148109436035e-01 -3.922231122851371765e-02 -5.220299363136291504e-01 -5.090550184249877930e-01 2.076919004321098328e-02 9.989370703697204590e-01 -4.115607962012290955e-02 -8.495663851499557495e-02 5.230889320373535156e-01 2.422391064465045929e-02 8.519334197044372559e-01 1.234660625457763672e+00
8.460478186607360840e-01 -4.324697330594062805e-02 -5.313495397567749023e-01 -5.246248841285705566e-01 2.308364957571029663e-02 9.987414479255676270e-01 -4.453304409980773926e-02 -8.666623383760452271e-02 5.326063632965087891e-01 2.541165426373481750e-02 8.459810614585876465e-01 1.258474469184875488e+00
8.400953412055969238e-01 -4.388980939984321594e-02 -5.406597852706909180e-01 -5.404161214828491211e-01 2.387309819459915161e-02 9.987472891807556152e-01 -4.398163035511970520e-02 -8.835016191005706787e-02 5.419124364852905273e-01 2.404159121215343475e-02 8.400905132293701172e-01 1.281763792037963867e+00
8.346935510635375977e-01 -4.083584994077682495e-02 -5.491981506347656250e-01 -5.567509531974792480e-01 2.292352356016635895e-02 9.989593029022216797e-01 -3.943786397576332092e-02 -9.002739191055297852e-02 5.502365827560424805e-01 2.032903581857681274e-02 8.347607254981994629e-01 1.305364847183227539e+00
8.298088312149047852e-01 -3.699197247624397278e-02 -5.568198561668395996e-01 -5.733589529991149902e-01 2.068799920380115509e-02 9.991541504859924316e-01 -3.554752096533775330e-02 -9.165851026773452759e-02 5.576633214950561523e-01 1.797822676599025726e-02 8.298719525337219238e-01 1.328955054283142090e+00
8.258658051490783691e-01 -3.764867410063743591e-02 -5.626079440116882324e-01 -5.903976559638977051e-01 2.028425224125385284e-02 9.991066455841064453e-01 -3.708255663514137268e-02 -9.321375936269760132e-02 5.635009407997131348e-01 1.921319961547851562e-02 8.258913755416870117e-01 1.352814197540283203e+00
8.224080801010131836e-01 -4.098758101463317871e-02 -5.674191117286682129e-01 -6.074447631835937500e-01 2.115548402070999146e-02 9.989150762557983398e-01 -4.149426519870758057e-02 -9.488296508789062500e-02 5.685037374496459961e-01 2.212125435471534729e-02 8.223825693130493164e-01 1.376611471176147461e+00
8.192241787910461426e-01 -4.465753212571144104e-02 -5.717315673828125000e-01 -6.234586238861083984e-01 2.026188187301158905e-02 9.985952377319335938e-01 -4.896659031510353088e-02 -9.654600173234939575e-02 5.731145143508911133e-01 2.853031456470489502e-02 8.189778923988342285e-01 1.398661017417907715e+00
8.159122467041015625e-01 -4.627492278814315796e-02 -5.763205289840698242e-01 -6.402383446693420410e-01 2.108374424278736115e-02 9.985106587409973145e-01 -5.032528564333915710e-02 -9.842121601104736328e-02 5.777903795242309570e-01 2.891007810831069946e-02 8.156723976135253906e-01 1.421553969383239746e+00
8.127391338348388672e-01 -4.478457570075988770e-02 -5.809035897254943848e-01 -6.570476293563842773e-01 2.158792875707149506e-02 9.986718893051147461e-01 -4.678867384791374207e-02 -1.002678498625755310e-01 5.822269320487976074e-01 2.548653073608875275e-02 8.126261830329895020e-01 1.444191336631774902e+00
8.096802234649658203e-01 -4.229306057095527649e-02 -5.853450894355773926e-01 -6.745089888572692871e-01 2.177669107913970947e-02 9.988785982131958008e-01 -4.204943776130676270e-02 -1.020662263035774231e-01 5.864664316177368164e-01 2.129975706338882446e-02 8.096929192543029785e-01 1.467298150062561035e+00
8.068603277206420898e-01 -4.064917191863059998e-02 -5.893417000770568848e-01 -6.918815374374389648e-01 2.159465290606021881e-02 9.989929795265197754e-01 -3.933934494853019714e-02 -1.037337556481361389e-01 5.903466939926147461e-01 1.901476457715034485e-02 8.069252371788024902e-01 1.490039825439453125e+00
8.037260770797729492e-01 -4.110234230756759644e-02 -5.935778021812438965e-01 -7.098557353019714355e-01 2.174554951488971710e-02 9.989742636680603027e-01 -3.972969949245452881e-02 -1.054084748029708862e-01 5.946012139320373535e-01 1.902415603399276733e-02 8.037950992584228516e-01 1.513381838798522949e+00
7.999793291091918945e-01 -4.313736408948898315e-02 -5.984745025634765625e-01 -7.282603383064270020e-01 2.275628969073295593e-02 9.988764524459838867e-01 -4.157951846718788147e-02 -1.071566492319107056e-01 5.995950102806091309e-01 1.964372396469116211e-02 8.000618815422058105e-01 1.536990642547607422e+00
7.959246039390563965e-01 -4.628587141633033752e-02 -6.036233901977539062e-01 -7.462438941001892090e-01 2.450053393840789795e-02 9.987193346023559570e-01 -4.427589476108551025e-02 -1.089182570576667786e-01 6.048989892005920410e-01 2.045121788978576660e-02 7.960388660430908203e-01 1.559793949127197266e+00
7.915962934494018555e-01 -4.777059331536293030e-02 -6.091738343238830566e-01 -7.642305493354797363e-01 2.593139000236988068e-02 9.986680150032043457e-01 -4.461734369397163391e-02 -1.106785535812377930e-01 6.104931831359863281e-01 1.952223852276802063e-02 7.917802333831787109e-01 1.582343578338623047e+00
7.870776653289794922e-01 -4.803013056516647339e-02 -6.149807572364807129e-01 -7.825520634651184082e-01 2.663538046181201935e-02 9.986809492111206055e-01 -4.390805959701538086e-02 -1.124486327171325684e-01 6.162778139114379883e-01 1.817884482443332672e-02 7.873182892799377441e-01 1.604911565780639648e+00
7.821308374404907227e-01 -4.783664643764495850e-02 -6.212748885154724121e-01 -8.015973567962646484e-01 2.661790139973163605e-02 9.987040758132934570e-01 -4.338808357715606689e-02 -1.142596751451492310e-01 6.225446462631225586e-01 1.739816181361675262e-02 7.823901772499084473e-01 1.627957344055175781e+00
7.767373919486999512e-01 -4.942157864570617676e-02 -6.278820633888244629e-01 -8.210119605064392090e-01 2.746293693780899048e-02 9.986265301704406738e-01 -4.462965205311775208e-02 -1.161060035228729248e-01 6.292246580123901367e-01 1.742207445204257965e-02 7.770274281501770020e-01 1.651008605957031250e+00
7.712041139602661133e-01 -5.123364552855491638e-02 -6.345225572586059570e-01 -8.405483365058898926e-01 2.885042317211627960e-02 9.985454082489013672e-01 -4.556102678179740906e-02 -1.179813146591186523e-01 6.359331607818603516e-01 1.683065854012966156e-02 7.715598940849304199e-01 1.673912405967712402e+00
7.654974460601806641e-01 -5.327488481998443604e-02 -6.412292718887329102e-01 -8.600237369537353516e-01 3.065644763410091400e-02 9.984549880027770996e-01 -4.635640978813171387e-02 -1.198700591921806335e-01 6.427074670791625977e-01 1.582795754075050354e-02 7.659475207328796387e-01 1.696459770202636719e+00
7.597042322158813477e-01 -5.510292947292327881e-02 -6.479295492172241211e-01 -8.799962997436523438e-01 3.199104592204093933e-02 9.983642697334289551e-01 -4.739560559391975403e-02 -1.218039169907569885e-01 6.494806408882141113e-01 1.527874823659658432e-02 7.602239847183227539e-01 1.719086527824401855e+00
7.535225749015808105e-01 -5.734161660075187683e-02 -6.549161076545715332e-01 -9.002434611320495605e-01 3.381620720028877258e-02 9.982513785362243652e-01 -4.849479347467422485e-02 -1.237665638327598572e-01 6.565510034561157227e-01 1.439519040286540985e-02 7.541436553001403809e-01 1.741526961326599121e+00
7.472840547561645508e-01 -5.860804393887519836e-02 -6.619146466255187988e-01 -9.205528497695922852e-01 3.525608777999877930e-02 9.981973767280578613e-01 -4.858034104108810425e-02 -1.257236599922180176e-01 6.635680794715881348e-01 1.296683587133884430e-02 7.480028867721557617e-01 1.763615250587463379e+00
7.412744760513305664e-01 -5.879878252744674683e-02 -6.686210632324218750e-01 -9.409554600715637207e-01 3.658071160316467285e-02 9.982146024703979492e-01 -4.722765460610389709e-02 -1.276223659515380859e-01 6.702036857604980469e-01 1.055006589740514755e-02 7.421015501022338867e-01 1.785361528396606445e+00
7.351501584053039551e-01 -5.901935324072837830e-02 -6.753297448158264160e-01 -9.617280960083007812e-01 3.721441328525543213e-02 9.982147812843322754e-01 -4.672644659876823425e-02 -1.295650899410247803e-01 6.768813729286193848e-01 9.219000115990638733e-03 7.360337972640991211e-01 1.807127475738525391e+00
7.287687063217163086e-01 -6.121257320046424866e-02 -6.820180416107177734e-01 -9.829251170158386230e-01 3.917504101991653442e-02 9.980927109718322754e-01 -4.772049561142921448e-02 -1.315908432006835938e-01 6.836377382278442383e-01 8.059158921241760254e-03 7.297763228416442871e-01 1.829054713249206543e+00
7.223094701766967773e-01 -6.293354928493499756e-02 -6.887001395225524902e-01 -1.003979086875915527e+00 3.963883593678474426e-02 9.979816675186157227e-01 -4.962244257330894470e-02 -1.336317658424377441e-01 6.904324293136596680e-01 8.543528616428375244e-03 7.233456969261169434e-01 1.850357413291931152e+00
7.163835167884826660e-01 -6.258362531661987305e-02 -6.948938369750976562e-01 -1.025385975837707520e+00 3.913524001836776733e-02 9.980058073997497559e-01 -4.953696951270103455e-02 -1.356386244297027588e-01 6.966076493263244629e-01 8.292672224342823029e-03 7.174035906791687012e-01 1.871615409851074219e+00
7.110592722892761230e-01 -6.244550272822380066e-02 -7.003533244132995605e-01 -1.047787308692932129e+00 3.961301594972610474e-02 9.980248212814331055e-01 -4.876811057329177856e-02 -1.376863420009613037e-01 7.020146846771240234e-01 6.933950819075107574e-03 7.121279835700988770e-01 1.893595695495605469e+00
7.062663435935974121e-01 -6.242235749959945679e-02 -7.051885128021240234e-01 -1.070491433143615723e+00 3.939536586403846741e-02 9.980275630950927734e-01 -4.888843372464179993e-02 -1.397322118282318115e-01 7.068486809730529785e-01 6.747131701558828354e-03 7.073318958282470703e-01 1.915490388870239258e+00
7.013395428657531738e-01 -6.385890394449234009e-02 -7.099609375000000000e-01 -1.093564987182617188e+00 4.038119316101074219e-02 9.979395866394042969e-01 -4.987084493041038513e-02 -1.418634504079818726e-01 7.116821408271789551e-01 6.307361647486686707e-03 7.024725675582885742e-01 1.937547206878662109e+00
6.959778070449829102e-01 -6.584502011537551880e-02 -7.150377035140991211e-01 -1.116326808929443359e+00 4.059899598360061646e-02 9.978028535842895508e-01 -5.236689001321792603e-02 -1.440121084451675415e-01 7.169139981269836426e-01 7.416422944515943527e-03 6.971213817596435547e-01 1.958918809890747070e+00
6.908987760543823242e-01 -6.830793619155883789e-02 -7.197169065475463867e-01 -1.139159083366394043e+00 4.151749238371849060e-02 9.976328015327453613e-01 -5.482961982488632202e-02 -1.462514847517013550e-01 7.217577695846557617e-01 8.000906556844711304e-03 6.920986771583557129e-01 1.980110645294189453e+00
6.857551336288452148e-01 -6.908032298088073730e-02 -7.245462536811828613e-01 -1.162265658378601074e+00 4.182551801204681396e-02 9.975814223289489746e-01 -5.552596598863601685e-02 -1.484687924385070801e-01 7.266288995742797852e-01 7.772727869451045990e-03 6.869853734970092773e-01 2.001249790191650391e+00
6.806175112724304199e-01 -6.918426603078842163e-02 -7.293646335601806641e-01 -1.185853481292724609e+00 4.312990978360176086e-02 9.975889921188354492e-01 -5.437941849231719971e-02 -1.506896913051605225e-01 7.313676476478576660e-01 5.554189905524253845e-03 6.819599866867065430e-01 2.022582769393920898e+00
6.755802631378173828e-01 -6.961259245872497559e-02 -7.339924573898315430e-01 -1.209757566452026367e+00 4.454436525702476501e-02 9.975684881210327148e-01 -5.361088365316390991e-02 -1.529201567173004150e-01 7.359389066696166992e-01 3.523259889334440231e-03 6.770378351211547852e-01 2.043929338455200195e+00
6.703910827636718750e-01 -7.106031477451324463e-02 -7.385970950126647949e-01 -1.234317898750305176e+00 4.627197235822677612e-02 9.974706172943115234e-01 -5.396745353937149048e-02 -1.552134305238723755e-01 7.405630946159362793e-01 2.002985915169119835e-03 6.719828844070434570e-01 2.065599918365478516e+00
6.654301881790161133e-01 -7.260625064373016357e-02 -7.429202198982238770e-01 -1.258785367012023926e+00 4.828421771526336670e-02 9.973612427711486816e-01 -5.422496795654296875e-02 -1.574951112270355225e-01 7.448961138725280762e-01 2.116394753102213144e-04 6.671794056892395020e-01 2.086934804916381836e+00
6.607965230941772461e-01 -7.378870248794555664e-02 -7.469287514686584473e-01 -1.283337235450744629e+00 5.025807768106460571e-02 9.972728490829467773e-01 -5.405739694833755493e-02 -1.597525477409362793e-01 7.488798499107360840e-01 -1.818220946006476879e-03 6.627023220062255859e-01 2.108123064041137695e+00
6.564881801605224609e-01 -7.518233358860015869e-02 -7.505799531936645508e-01 -1.308177590370178223e+00 5.235719308257102966e-02 9.971632361412048340e-01 -5.408764258027076721e-02 -1.620368063449859619e-01 7.525163888931274414e-01 -3.790325950831174850e-03 6.585615873336791992e-01 2.129365921020507812e+00
6.521698832511901855e-01 -7.836885750293731689e-02 -7.540106177330017090e-01 -1.332661747932434082e+00 5.604476481676101685e-02 9.969050884246826172e-01 -5.513918772339820862e-02 -1.643313020467758179e-01 7.559975385665893555e-01 -6.298197433352470398e-03 6.545431017875671387e-01 2.150094032287597656e+00
6.475306749343872070e-01 -8.368612080812454224e-02 -7.574297785758972168e-01 -1.356745123863220215e+00 6.069558486342430115e-02 9.964583516120910645e-01 -5.820658057928085327e-02 -1.667147576808929443e-01 7.596175670623779297e-01 -8.282076567411422729e-03 6.503162384033203125e-01 2.170243740081787109e+00
6.423085927963256836e-01 -8.818331360816955566e-02 -7.613556981086730957e-01 -1.380869626998901367e+00 6.578065454959869385e-02 9.960370063781738281e-01 -5.986990034580230713e-02 -1.690587997436523438e-01 7.636172771453857422e-01 -1.162752602249383926e-02 6.455634236335754395e-01 2.190344333648681641e+00
6.354065537452697754e-01 -9.230374544858932495e-02 -7.666405439376831055e-01 -1.405600666999816895e+00 7.178862392902374268e-02 9.955918192863464355e-01 -6.036963313817977905e-02 -1.714350432157516479e-01 7.688326835632324219e-01 -1.667679101228713989e-02 6.392315030097961426e-01 2.210670232772827148e+00
6.269498467445373535e-01 -9.652845561504364014e-02 -7.730558514595031738e-01 -1.430634617805480957e+00 7.731585204601287842e-02 9.951055049896240234e-01 -6.155149638652801514e-02 -1.738559305667877197e-01 7.752128243446350098e-01 -2.117975428700447083e-02 6.313440203666687012e-01 2.230752229690551758e+00
6.178495883941650391e-01 -9.765706211328506470e-02 -7.802077531814575195e-01 -1.456516146659851074e+00 8.052667975425720215e-02 9.948995113372802734e-01 -6.076010316610336304e-02 -1.763411760330200195e-01 7.821611762046813965e-01 -2.528692036867141724e-02 6.225617527961730957e-01 2.250930309295654297e+00
6.091838479042053223e-01 -9.672577679157257080e-02 -7.871076464653015137e-01 -1.482121706008911133e+00 8.177469670772552490e-02 9.949053525924682617e-01 -5.897171795368194580e-02 -1.788226962089538574e-01 7.888008356094360352e-01 -2.844085171818733215e-02 6.139894723892211914e-01 2.270314931869506836e+00
6.002617478370666504e-01 -9.667041897773742676e-02 -7.939394712448120117e-01 -1.508023977279663086e+00 8.165804296731948853e-02 9.948894381523132324e-01 -5.940012261271476746e-02 -1.813527494668960571e-01 7.956234812736511230e-01 -2.917590923607349396e-02 6.050874590873718262e-01 2.289425611495971680e+00
5.910392999649047852e-01 -9.834641963243484497e-02 -8.006246685981750488e-01 -1.534042596817016602e+00 8.176938444375991821e-02 9.947324991226196289e-01 -6.182595714926719666e-02 -1.839217543601989746e-01 8.024868965148925781e-01 -2.892499975860118866e-02 5.959671139717102051e-01 2.308150768280029297e+00
5.810182690620422363e-01 -1.009180024266242981e-01 -8.076092004776000977e-01 -1.560592651367187500e+00 8.298198133707046509e-02 9.944579601287841797e-01 -6.456660479307174683e-02 -1.865640729665756226e-01 8.096485137939453125e-01 -2.950263768434524536e-02 5.861719846725463867e-01 2.326842308044433594e+00
5.710167884826660156e-01 -1.030961722135543823e-01 -8.144385814666748047e-01 -1.587234020233154297e+00 8.431471884250640869e-02 9.942025542259216309e-01 -6.673711538314819336e-02 -1.892278492450714111e-01 8.165965080261230469e-01 -3.056116029620170593e-02 5.763981938362121582e-01 2.345159292221069336e+00
5.605471134185791016e-01 -1.041492968797683716e-01 -8.215467929840087891e-01 -1.614179730415344238e+00 8.717115223407745361e-02 9.939700365066528320e-01 -6.653018295764923096e-02 -1.919489651918411255e-01 8.235211372375488281e-01 -3.432188555598258972e-02 5.662451982498168945e-01 2.363289117813110352e+00
5.502829551696777344e-01 -1.043759211897850037e-01 -8.284283876419067383e-01 -1.641990423202514648e+00 8.841631561517715454e-02 9.938628077507019043e-01 -6.648888438940048218e-02 -1.947282105684280396e-01 8.302832245826721191e-01 -3.665889054536819458e-02 5.561336278915405273e-01 2.381363153457641602e+00
5.399738550186157227e-01 -1.052754670381546021e-01 -8.350716233253479004e-01 -1.670084357261657715e+00 8.901420235633850098e-02 9.937264323234558105e-01 -6.771825999021530151e-02 -1.975261718034744263e-01 8.369610309600830078e-01 -3.776713833212852478e-02 5.459566712379455566e-01 2.399191141128540039e+00
5.299361348152160645e-01 -1.063532531261444092e-01 -8.413417339324951172e-01 -1.698825120925903320e+00 8.906369656324386597e-02 9.935988783836364746e-01 -6.950128078460693359e-02 -2.004283517599105835e-01 8.433471322059631348e-01 -3.810175880789756775e-02 5.360155105590820312e-01 2.416885852813720703e+00
5.202672481536865234e-01 -1.067203134298324585e-01 -8.473087549209594727e-01 -1.727388143539428711e+00 8.789587765932083130e-02 9.935844540596008301e-01 -7.117386907339096069e-02 -2.033534795045852661e-01 8.494677543640136719e-01 -3.744550049304962158e-02 5.263091921806335449e-01 2.434001922607421875e+00
5.105711817741394043e-01 -1.075966358184814453e-01 -8.530763983726501465e-01 -1.756001710891723633e+00 8.684463798999786377e-02 9.935199022293090820e-01 -7.333336770534515381e-02 -2.063411921262741089e-01 8.554379940032958984e-01 -3.664320334792137146e-02 5.166062712669372559e-01 2.450710296630859375e+00
5.010834336280822754e-01 -1.072350889444351196e-01 -8.587290048599243164e-01 -1.784465909004211426e+00 8.600105345249176025e-02 9.935521483421325684e-01 -7.388816028833389282e-02 -2.093703746795654297e-01 8.611146211624145508e-01 -3.682745993137359619e-02 5.070742964744567871e-01 2.466922998428344727e+00
4.922698736190795898e-01 -1.055937185883522034e-01 -8.640137910842895508e-01 -1.813502311706542969e+00 8.575497567653656006e-02 9.936698079109191895e-01 -7.258061319589614868e-02 -2.123772501945495605e-01 8.662075996398925781e-01 -3.836420923471450806e-02 4.982083737850189209e-01 2.483072042465209961e+00
