1.000000000000000000e+00 -1.164153218269348145e-10 -9.356426744488999248e-11 -1.455191522836685181e-11 -1.164153218269348145e-10 1.000000000000000000e+00 1.089231430609826842e-20 1.694065894508600678e-21 -8.583356247982010245e-11 -5.820766091346740723e-11 1.000000000000000000e+00 1.249042724955071789e-21
9.993327260017395020e-01 3.935731016099452972e-03 3.631359338760375977e-02 6.740507669746875763e-04 -3.923228010535240173e-03 9.999922513961791992e-01 -4.155913193244487047e-04 -3.825631210929714143e-05 -3.631494939327239990e-02 2.728494000621140003e-04 9.993404150009155273e-01 7.625067140907049179e-03
9.979440569877624512e-01 4.874149337410926819e-03 6.390631943941116333e-02 1.512757153250277042e-03 -4.926762077957391739e-03 9.999876618385314941e-01 6.657004123553633690e-04 -5.781424624728970230e-05 -6.390228867530822754e-02 -9.791813790798187256e-04 9.979557991027832031e-01 1.172716077417135239e-02
9.950441122055053711e-01 4.446418024599552155e-03 9.933593869209289551e-02 2.808722434565424919e-03 -4.764606710523366928e-03 9.999843239784240723e-01 2.966171363368630409e-03 -1.149850795627571642e-04 -9.932118654251098633e-02 -3.424766939133405685e-03 9.950497150421142578e-01 1.707138121128082275e-02
9.904860854148864746e-01 1.353071071207523346e-03 1.376070380210876465e-01 4.496838431805372238e-03 -2.084401901811361313e-03 9.999845027923583984e-01 5.170699674636125565e-03 -1.997009530896320939e-04 -1.375979185104370117e-01 -5.408336408436298370e-03 9.904736280441284180e-01 2.264606207609176636e-02
9.841953516006469727e-01 -3.888161736540496349e-04 1.770865023136138916e-01 6.418348290026187897e-03 -6.254825275391340256e-04 9.999837279319763184e-01 5.671864375472068787e-03 -2.101647260133177042e-04 -1.770858317613601685e-01 -5.692990031093358994e-03 9.841791391372680664e-01 2.804138883948326111e-02
9.755128622055053711e-01 -3.384372394066303968e-04 2.199423760175704956e-01 8.734864182770252228e-03 -1.143945264630019665e-03 9.999774694442749023e-01 6.612488999962806702e-03 -2.105392486555501819e-04 -2.199396938085556030e-01 -6.702174432575702667e-03 9.754905700683593750e-01 3.404264152050018311e-02
9.639643430709838867e-01 -1.018682494759559631e-03 2.660296261310577393e-01 1.148750167340040207e-02 -1.591139123775064945e-03 9.999527335166931152e-01 9.594569914042949677e-03 -2.686482912395149469e-04 -2.660267949104309082e-01 -9.672118350863456726e-03 9.639171957969665527e-01 4.073233529925346375e-02
9.483720064163208008e-01 -4.507861565798521042e-03 3.171283304691314697e-01 1.535431575030088425e-02 -1.247675274498760700e-03 9.998382925987243652e-01 1.794352754950523376e-02 -4.520968650467693806e-04 -3.171579241752624512e-01 -1.741282083094120026e-02 9.482129812240600586e-01 5.031642690300941467e-02
9.295558929443359375e-01 -1.034218445420265198e-02 3.685365021228790283e-01 2.018017694354057312e-02 4.726223705802112818e-04 9.996390938758850098e-01 2.686065994203090668e-02 -5.446830764412879944e-04 -3.686812520027160645e-01 -2.479431778192520142e-02 9.292252659797668457e-01 6.060371920466423035e-02
9.081406593322753906e-01 -1.514149084687232971e-02 4.183915257453918457e-01 2.460001036524772644e-02 2.175678964704275131e-03 9.995030760765075684e-01 3.144937753677368164e-02 -4.756477719638496637e-04 -4.186597466468811035e-01 -2.765018492937088013e-02 9.077222943305969238e-01 6.806639581918716431e-02
8.834346532821655273e-01 -1.762992516160011292e-02 4.682228267192840576e-01 2.924005687236785889e-02 1.221141894347965717e-03 9.993752241134643555e-01 3.532531484961509705e-02 -3.332336491439491510e-04 -4.685529768466949463e-01 -3.063585236668586731e-02 8.829041123390197754e-01 7.507580518722534180e-02
8.556914925575256348e-01 -2.040436491370201111e-02 5.170841217041015625e-01 3.425319120287895203e-02 -1.445429952582344413e-04 9.992129802703857422e-01 3.966858983039855957e-02 -1.361438626190647483e-04 -5.174865722656250000e-01 -3.401882573962211609e-02 8.550149202346801758e-01 8.180423825979232788e-02
8.244035840034484863e-01 -2.512332238256931305e-02 5.654448270797729492e-01 4.036545753479003906e-02 4.956298507750034332e-04 9.990461468696594238e-01 4.366609826683998108e-02 1.538999058539047837e-04 -5.660024881362915039e-01 -3.571824356913566589e-02 8.236294984817504883e-01 8.884418010711669922e-02
7.898378968238830566e-01 -2.895944565534591675e-02 6.126317977905273438e-01 4.683229327201843262e-02 9.334751521237194538e-04 9.989403486251831055e-01 4.601698741316795349e-02 5.208273651078343391e-04 -6.133152246475219727e-01 -3.577409312129020691e-02 7.890277504920959473e-01 9.520236402750015259e-02
7.529978752136230469e-01 -3.139537572860717773e-02 6.572737693786621094e-01 5.367228388786315918e-02 8.582380542065948248e-05 9.988659024238586426e-01 4.761357605457305908e-02 9.164160001091659069e-04 -6.580231785774230957e-01 -3.579652309417724609e-02 7.521464228630065918e-01 1.012540310621261597e-01
7.143547534942626953e-01 -3.186481818556785583e-02 6.990580558776855469e-01 6.170952692627906799e-02 -1.640901318751275539e-03 9.988838434219360352e-01 4.720844328403472900e-02 1.349462196230888367e-03 -6.997820138931274414e-01 -3.487066924571990967e-02 7.135049700736999512e-01 1.078538075089454651e-01
6.744267344474792480e-01 -3.137722983956336975e-02 7.376750111579895020e-01 6.914418190717697144e-02 -4.459443967789411545e-03 9.989053606986999512e-01 4.656584560871124268e-02 1.713525853119790554e-03 -7.383285164833068848e-01 -3.469487279653549194e-02 6.735483407974243164e-01 1.134135872125625610e-01
6.333583593368530273e-01 -3.084327094256877899e-02 7.732439637184143066e-01 7.713918387889862061e-02 -8.366161026060581207e-03 9.988742470741271973e-01 4.669591039419174194e-02 2.063530031591653824e-03 -7.738136053085327148e-01 -3.604433313012123108e-02 6.323870420455932617e-01 1.188334077596664429e-01
5.920922756195068359e-01 -3.063951991498470306e-02 8.052877187728881836e-01 8.638029545545578003e-02 -1.152022276073694229e-02 9.988531470298767090e-01 4.647459462285041809e-02 2.446463098749518394e-03 -8.057879805564880371e-01 -3.679434582591056824e-02 5.910599827766418457e-01 1.244531050324440002e-01
5.526999235153198242e-01 -3.132264316082000732e-02 8.327916264533996582e-01 9.550844877958297729e-02 -1.350716128945350647e-02 9.988256096839904785e-01 4.653176292777061462e-02 2.770479302853345871e-03 -8.332709670066833496e-01 -3.696675971150398254e-02 5.516275167465209961e-01 1.294475942850112915e-01
5.134239792823791504e-01 -3.336749225854873657e-02 8.574863076210021973e-01 1.068057492375373840e-01 -1.430121622979640961e-02 9.987723827362060547e-01 4.742830246686935425e-02 3.096284111961722374e-03 -8.580160140991210938e-01 -3.661392629146575928e-02 5.123162865638732910e-01 1.352947950363159180e-01
4.751029312610626221e-01 -3.288689628243446350e-02 8.793156743049621582e-01 1.190956085920333862e-01 -1.698329485952854156e-02 9.987726211547851562e-01 4.653090611100196838e-02 3.503824817016720772e-03 -8.797664642333984375e-01 -3.704064339399337769e-02 4.739610254764556885e-01 1.412150561809539795e-01
4.372509121894836426e-01 -3.227284923195838928e-02 8.987605571746826172e-01 1.324237287044525146e-01 -1.726575940847396851e-02 9.988706707954406738e-01 4.426749795675277710e-02 3.871415508911013603e-03 -8.991738557815551758e-01 -3.487378358840942383e-02 4.361996650695800781e-01 1.470388025045394897e-01
4.029632806777954102e-01 -3.097525052726268768e-02 9.146920442581176758e-01 1.461466103792190552e-01 -1.568548381328582764e-02 9.990467429161071777e-01 4.074202105402946472e-02 4.167876671999692917e-03 -9.150817394256591797e-01 -3.076492249965667725e-02 4.020930826663970947e-01 1.525366157293319702e-01
3.728797435760498047e-01 -2.925682626664638519e-02 9.274184703826904297e-01 1.602748185396194458e-01 -1.347116753458976746e-02 9.992269873619079590e-01 3.693838417530059814e-02 4.435904324054718018e-03 -9.277819395065307617e-01 -2.626698836684226990e-02 3.721972107887268066e-01 1.577506661415100098e-01
3.477114140987396240e-01 -2.775899879634380341e-02 9.371908307075500488e-01 1.755546778440475464e-01 -1.211276743561029434e-02 9.993454813957214355e-01 3.409399464726448059e-02 4.682810977101325989e-03 -9.375234842300415039e-01 -2.320684492588043213e-02 3.471473753452301025e-01 1.628735214471817017e-01
3.283955156803131104e-01 -2.756027691066265106e-02 9.441382884979248047e-01 1.904667913913726807e-01 -1.091774273663759232e-02 9.993969202041625977e-01 3.297079354524612427e-02 4.858221393078565598e-03 -9.444772601127624512e-01 -2.113532088696956635e-02 3.278963565826416016e-01 1.677533835172653198e-01
3.145578205585479736e-01 -2.862913906574249268e-02 9.488066434860229492e-01 2.067921012639999390e-01 -9.663498029112815857e-03 9.993969798088073730e-01 3.335937857627868652e-02 5.080684553831815720e-03 -9.491892457008361816e-01 -1.966224610805511475e-02 3.140912652015686035e-01 1.730322688817977905e-01
3.032039701938629150e-01 -3.062926791608333588e-02 9.524334073066711426e-01 2.236976325511932373e-01 -8.576663210988044739e-03 9.993553757667541504e-01 3.486857190728187561e-02 5.321206524968147278e-03 -9.528871774673461914e-01 -1.874099299311637878e-02 3.027456104755401611e-01 1.785256564617156982e-01
2.926999330520629883e-01 -3.288400918245315552e-02 9.556388258934020996e-01 2.411950379610061646e-01 -9.275269694626331329e-03 9.992640614509582520e-01 3.722605854272842407e-02 5.638540722429752350e-03 -9.561594128608703613e-01 -1.975987292826175690e-02 2.921792566776275635e-01 1.840448975563049316e-01
2.828604876995086670e-01 -3.489837422966957092e-02 9.585260152816772461e-01 2.591471374034881592e-01 -1.041333563625812531e-02 9.991674423217773438e-01 3.945101425051689148e-02 6.012337747961282730e-03 -9.591045975685119629e-01 -2.114058099687099457e-02 2.822613120079040527e-01 1.894807815551757812e-01
2.732911109924316406e-01 -3.699678927659988403e-02 9.612196683883666992e-01 2.778806984424591064e-01 -1.097739022225141525e-02 9.990752935409545898e-01 4.157487303018569946e-02 6.434116978198289871e-03 -9.618688225746154785e-01 -2.191372588276863098e-02 2.726320028305053711e-01 1.949142664670944214e-01
2.636657655239105225e-01 -3.911621123552322388e-02 9.638206958770751953e-01 2.972878515720367432e-01 -1.171432249248027802e-02 9.989741444587707520e-01 4.374748840928077698e-02 6.902096327394247055e-03 -9.645430445671081543e-01 -2.282522805035114288e-02 2.629368305206298828e-01 2.004149705171585083e-01
2.538940012454986572e-01 -4.104685410857200623e-02 9.663607478141784668e-01 3.170695900917053223e-01 -1.148627232760190964e-02 9.989009499549865723e-01 4.544682055711746216e-02 7.392499130219221115e-03 -9.671639204025268555e-01 -2.263856865465641022e-02 2.531432509422302246e-01 2.058214545249938965e-01
2.443713843822479248e-01 -4.268829897046089172e-02 9.687417149543762207e-01 3.374586701393127441e-01 -1.137246377766132355e-02 9.988359212875366211e-01 4.688318073749542236e-02 7.931029424071311951e-03 -9.696150422096252441e-01 -2.247389219701290131e-02 2.436011880636215210e-01 2.111170887947082520e-01
2.345399558544158936e-01 -4.576102644205093384e-02 9.710288643836975098e-01 3.585388660430908203e-01 -1.230177003890275955e-02 9.986720085144042969e-01 5.003506690263748169e-02 8.576451800763607025e-03 -9.720286726951599121e-01 -2.368059940636157990e-02 2.336652725934982300e-01 2.164247334003448486e-01
2.240001857280731201e-01 -4.941582307219505310e-02 9.733355641365051270e-01 3.803175091743469238e-01 -1.377443596720695496e-02 9.984537363052368164e-01 5.386103689670562744e-02 9.289126843214035034e-03 -9.744917750358581543e-01 -2.547201700508594513e-02 2.229728698730468750e-01 2.217132300138473511e-01
2.124826610088348389e-01 -5.308567732572555542e-02 9.757218956947326660e-01 4.025249779224395752e-01 -1.463674753904342651e-02 9.982386231422424316e-01 5.749814957380294800e-02 1.008917391300201416e-02 -9.770551919937133789e-01 -2.649873681366443634e-02 2.113311141729354858e-01 2.268244773149490356e-01
2.006145268678665161e-01 -5.526318028569221497e-02 9.781103730201721191e-01 4.249956011772155762e-01 -1.536974404007196426e-02 9.981075525283813477e-01 5.954539403319358826e-02 1.093885395675897598e-02 -9.795497059822082520e-01 -2.697895839810371399e-02 1.993852555751800537e-01 2.315559387207031250e-01
1.874487251043319702e-01 -5.588494986295700073e-02 9.806834459304809570e-01 4.477792382240295410e-01 -1.514460239559412003e-02 9.980974197387695312e-01 5.977202579379081726e-02 1.180376578122377396e-02 -9.821575880050659180e-01 -2.605623379349708557e-02 1.862454712390899658e-01 2.359628081321716309e-01
1.746066957712173462e-01 -5.502424016594886780e-02 9.830996990203857422e-01 4.706581234931945801e-01 -1.603540033102035522e-02 9.981462955474853516e-01 5.871439725160598755e-02 1.264841947704553604e-02 -9.845076799392700195e-01 -2.601630240678787231e-02 1.734004318714141846e-01 2.399259060621261597e-01
1.597208082675933838e-01 -5.402169376611709595e-02 9.856830835342407227e-01 4.937374889850616455e-01 -1.598891802132129669e-02 9.982292652130126953e-01 5.730013549327850342e-02 1.347862463444471359e-02 -9.870326519012451172e-01 -2.491201087832450867e-02 1.585740149021148682e-01 2.434138357639312744e-01
1.410077065229415894e-01 -5.236588791012763977e-02 9.886226654052734375e-01 5.168858170509338379e-01 -1.771846786141395569e-02 9.983070492744445801e-01 5.540601164102554321e-02 1.430500578135251999e-02 -9.898499250411987305e-01 -2.532953955233097076e-02 1.398409157991409302e-01 2.465544492006301880e-01
1.173526644706726074e-01 -5.078081786632537842e-02 9.917912483215332031e-01 5.403517484664916992e-01 -2.162680588662624359e-02 9.983246326446533203e-01 5.367426201701164246e-02 1.511761732399463654e-02 -9.928547143936157227e-01 -2.774807997047901154e-02 1.160576045513153076e-01 2.493001371622085571e-01
8.927572518587112427e-02 -5.016161501407623291e-02 9.947430491447448730e-01 5.643849968910217285e-01 -2.491367794573307037e-02 9.983063936233520508e-01 5.257720127701759338e-02 1.594701781868934631e-02 -9.956952333450317383e-01 -2.947656065225601196e-02 8.787459880113601685e-02 2.513071000576019287e-01
5.833143368363380432e-02 -4.973812028765678406e-02 9.970574975013732910e-01 5.891385078430175781e-01 -2.776568755507469177e-02 9.982912540435791016e-01 5.142401531338691711e-02 1.678713783621788025e-02 -9.979109764099121094e-01 -3.068360872566699982e-02 5.685054138302803040e-02 2.523466348648071289e-01
2.606735192239284515e-02 -4.901129007339477539e-02 9.984580278396606445e-01 6.141658425331115723e-01 -2.963111922144889832e-02 9.983210563659667969e-01 4.977812245488166809e-02 1.757969148457050323e-02 -9.992209076881408691e-01 -3.088300302624702454e-02 2.457113564014434814e-02 2.526863515377044678e-01
-6.316234823316335678e-03 -4.752533137798309326e-02 9.988501071929931641e-01 6.390581130981445312e-01 -3.038113005459308624e-02 9.984183907508850098e-01 4.731263220310211182e-02 1.831448264420032501e-02 -9.995183348655700684e-01 -3.004735335707664490e-02 -7.750296033918857574e-03 2.522583007812500000e-01
-3.788935393095016479e-02 -4.493650048971176147e-02 9.982710480690002441e-01 6.639204025268554688e-01 -3.164057061076164246e-02 9.985418915748596191e-01 4.374772310256958008e-02 1.902781799435615540e-02 -9.987807869911193848e-01 -2.992829494178295135e-02 -3.925608098506927490e-02 2.512913942337036133e-01
-6.923924386501312256e-02 -4.172029718756675720e-02 9.967273473739624023e-01 6.895663738250732422e-01 -3.363835066556930542e-02 9.986550211906433105e-01 3.946419432759284973e-02 1.964014768600463867e-02 -9.970327615737915039e-01 -3.079579211771488190e-02 -7.054966688156127930e-02 2.495415955781936646e-01
-1.005959361791610718e-01 -3.716764971613883972e-02 9.942328929901123047e-01 7.152158021926879883e-01 -3.040824271738529205e-02 9.989504814147949219e-01 3.426726534962654114e-02 2.006820216774940491e-02 -9.944624900817871094e-01 -2.678572572767734528e-02 -1.016206741333007812e-01 2.467767149209976196e-01
-1.315431892871856689e-01 -3.135820105671882629e-02 9.908143281936645508e-01 7.402786016464233398e-01 -2.495848946273326874e-02 9.992879033088684082e-01 2.831278182566165924e-02 2.037160843610763550e-02 -9.909961223602294922e-01 -2.100488357245922089e-02 -1.322322785854339600e-01 2.432378083467483521e-01
-1.614033430814743042e-01 -2.530378289520740509e-02 9.865640997886657715e-01 7.659517526626586914e-01 -1.898257620632648468e-02 9.995663762092590332e-01 2.253164537250995636e-02 2.052093297243118286e-02 -9.867058992385864258e-01 -1.509085204452276230e-02 -1.618137508630752563e-01 2.388478070497512817e-01
-1.900163441896438599e-01 -1.948551647365093231e-02 9.815875291824340820e-01 7.916632890701293945e-01 -1.264576520770788193e-02 9.997692108154296875e-01 1.739842817187309265e-02 2.053109556436538696e-02 -9.816994071006774902e-01 -9.106961078941822052e-03 -1.902189403772354126e-01 2.337140738964080811e-01
-2.166758924722671509e-01 -1.344989892095327377e-02 9.761509299278259277e-01 8.173013925552368164e-01 -4.505354445427656174e-03 9.999087452888488770e-01 1.277716178447008133e-02 2.042099460959434509e-02 -9.762331247329711914e-01 -1.629434409551322460e-03 -2.167167663574218750e-01 2.276722192764282227e-01
-2.428771108388900757e-01 -3.410067874938249588e-03 9.700510501861572266e-01 8.438016176223754883e-01 -5.404847906902432442e-04 9.999946951866149902e-01 3.379971021786332130e-03 2.015003934502601624e-02 -9.700568318367004395e-01 2.965949533972889185e-04 -2.428776770830154419e-01 2.210759520530700684e-01
-2.682340741157531738e-01 1.217895746231079102e-02 9.632766842842102051e-01 8.685507774353027344e-01 2.614045049995183945e-03 9.999262094497680664e-01 -1.191445533186197281e-02 1.970080845057964325e-02 -9.633501172065734863e-01 -6.778652314096689224e-04 -2.682460844516754150e-01 2.139886915683746338e-01
-2.910633981227874756e-01 3.279481083154678345e-02 9.561414122581481934e-01 8.878705501556396484e-01 6.270592566579580307e-03 9.994568228721618652e-01 -3.237167000770568848e-02 1.894240453839302063e-02 -9.566830992698669434e-01 -3.426710376515984535e-03 -2.911108732223510742e-01 2.077398300170898438e-01
-3.148263394832611084e-01 4.935904964804649353e-02 9.478648900985717773e-01 9.087477326393127441e-01 8.629820309579372406e-03 9.987550973892211914e-01 -4.914280399680137634e-02 1.782737113535404205e-02 -9.491099715232849121e-01 -7.291603833436965942e-03 -3.148602843284606934e-01 2.005214691162109375e-01
-3.392307758331298828e-01 5.899961292743682861e-02 9.388510584831237793e-01 9.303312897682189941e-01 1.098374463617801666e-02 9.982122778892517090e-01 -5.876133218407630920e-02 1.632033661007881165e-02 -9.406389594078063965e-01 -9.621592238545417786e-03 -3.392722606658935547e-01 1.927781552076339722e-01
-3.633013069629669189e-01 6.318493187427520752e-02 9.295265078544616699e-01 9.518569111824035645e-01 1.423251535743474960e-02 9.979583024978637695e-01 -6.227391585707664490e-02 1.453983411192893982e-02 -9.315629005432128906e-01 -9.394731372594833374e-03 -3.634586632251739502e-01 1.844138950109481812e-01
-3.853734433650970459e-01 6.290622055530548096e-02 9.206138253211975098e-01 9.731375575065612793e-01 1.821651495993137360e-02 9.979985356330871582e-01 -6.056847423315048218e-02 1.274179387837648392e-02 -9.225807189941406250e-01 -6.571146193891763687e-03 -3.857478499412536621e-01 1.753214150667190552e-01
-4.069493114948272705e-01 5.793676152825355530e-02 9.116113781929016113e-01 9.950376152992248535e-01 2.157287858426570892e-02 9.983184337615966797e-01 -5.381709709763526917e-02 1.085427682846784592e-02 -9.131957292556762695e-01 -2.234781393781304359e-03 -4.075146615505218506e-01 1.658558696508407593e-01
-4.249788522720336914e-01 5.622402578592300415e-02 9.034552574157714844e-01 1.016762971878051758e+00 2.953851781785488129e-02 9.983997344970703125e-01 -4.823792353272438049e-02 9.081688709557056427e-03 -9.047210216522216797e-01 6.186596117913722992e-03 -4.259593188762664795e-01 1.555608212947845459e-01
-4.391963779926300049e-01 5.663030967116355896e-02 8.966041803359985352e-01 1.038352966308593750e+00 3.161225840449333191e-02 9.983681440353393555e-01 -4.757272824645042419e-02 7.486074697226285934e-03 -8.978345990180969238e-01 7.449880242347717285e-03 -4.402696192264556885e-01 1.452094912528991699e-01
-4.508244097232818604e-01 6.090454012155532837e-02 8.905321359634399414e-01 1.059356689453125000e+00 3.557933866977691650e-02 9.981034994125366211e-01 -5.024971440434455872e-02 5.930298008024692535e-03 -8.919031023979187012e-01 9.030695073306560516e-03 -4.521360397338867188e-01 1.348140835762023926e-01
-4.611217379570007324e-01 6.353881210088729858e-02 8.850587606430053711e-01 1.079861521720886230e+00 3.669704496860504150e-02 9.979459047317504883e-01 -5.252361670136451721e-02 4.255833569914102554e-03 -8.865774869918823242e-01 8.259207010269165039e-03 -4.625059962272644043e-01 1.244570091366767883e-01
-4.721232056617736816e-01 6.324798613786697388e-02 8.792603015899658203e-01 1.099577665328979492e+00 3.096343576908111572e-02 9.979978203773498535e-01 -5.516318231821060181e-02 2.583319088444113731e-03 -8.809884190559387207e-01 1.181053114123642445e-03 -4.731360971927642822e-01 1.145053729414939880e-01
-4.833867251873016357e-01 6.180593743920326233e-02 8.732220530509948730e-01 1.118949651718139648e+00 3.036083839833736420e-02 9.980887770652770996e-01 -5.383715406060218811e-02 9.288656874559819698e-04 -8.748801350593566895e-01 4.875339509453624487e-04 -4.843390882015228271e-01 1.040934249758720398e-01
-4.921236932277679443e-01 6.298150867223739624e-02 8.682436347007751465e-01 1.138261556625366211e+00 3.241472318768501282e-02 9.980141520500183105e-01 -5.402214825153350830e-02 -7.259288104251027107e-04 -8.699214458465576172e-01 1.558240852318704128e-03 -4.931877255439758301e-01 9.336837381124496460e-02
-4.991754889488220215e-01 6.603854149580001831e-02 8.639804720878601074e-01 1.157356381416320801e+00 3.575979545712471008e-02 9.978128671646118164e-01 -5.560739710927009583e-02 -2.360967919230461121e-03 -8.657626509666442871e-01 3.137873252853751183e-03 -5.004450082778930664e-01 8.249232172966003418e-02
-5.021169185638427734e-01 6.891395151615142822e-02 8.620492219924926758e-01 1.177127838134765625e+00 3.708133101463317871e-02 9.976194500923156738e-01 -5.815298855304718018e-02 -4.062323831021785736e-03 -8.640042543411254883e-01 2.766269724816083908e-03 -5.034767985343933105e-01 7.125743478536605835e-02
-5.013154745101928711e-01 7.124073803424835205e-02 8.623264431953430176e-01 1.196615695953369141e+00 3.764835745096206665e-02 9.974575638771057129e-01 -6.051759421825408936e-02 -5.771122872829437256e-03 -8.644450306892395020e-01 2.126685809344053268e-03 -5.027228593826293945e-01 6.028616055846214294e-02
-4.975086450576782227e-01 7.133442908525466919e-02 8.645206093788146973e-01 1.216825604438781738e+00 3.984169661998748779e-02 9.974411129951477051e-01 -5.937432870268821716e-02 -7.506887894123792648e-03 -8.665435314178466797e-01 4.904644098132848740e-03 -4.990775287151336670e-01 4.899300634860992432e-02
-4.915840923786163330e-01 7.030354440212249756e-02 8.679872155189514160e-01 1.237267732620239258e+00 3.840326517820358276e-02 9.975170493125915527e-01 -5.904531478881835938e-02 -9.315010160207748413e-03 -8.699827790260314941e-01 4.307723604142665863e-03 -4.930632710456848145e-01 3.790676593780517578e-02
-4.848113656044006348e-01 6.898234784603118896e-02 8.718937039375305176e-01 1.258666157722473145e+00 3.684249147772789001e-02 9.976114034652709961e-01 -5.844282731413841248e-02 -1.118479017168283463e-02 -8.738422989845275879e-01 3.788905451074242592e-03 -4.861947298049926758e-01 2.664336562156677246e-02
-4.776793718338012695e-01 6.857553869485855103e-02 8.758534193038940430e-01 1.280121922492980957e+00 3.563673421740531921e-02 9.976415634155273438e-01 -5.867523699998855591e-02 -1.300302892923355103e-02 -8.778110742568969727e-01 3.184522036463022232e-03 -4.789965152740478516e-01 1.546338479965925217e-02
-4.709144234657287598e-01 6.750488281250000000e-02 8.795919418334960938e-01 1.302403450012207031e+00 3.390174359083175659e-02 9.977169632911682129e-01 -5.842024087905883789e-02 -1.485889218747615814e-02 -8.815271258354187012e-01 2.308683237060904503e-03 -4.721277356147766113e-01 4.051421303302049637e-03
-4.662344157695770264e-01 6.551476567983627319e-02 8.822315931320190430e-01 1.325022935867309570e+00 3.075507469475269318e-02 9.978522658348083496e-01 -5.784761905670166016e-02 -1.676773279905319214e-02 -8.841263651847839355e-01 1.624611468287184834e-04 -4.672478735446929932e-01 -7.333220448344945908e-03
-4.647197425365447998e-01 6.303366273641586304e-02 8.832109570503234863e-01 1.348396062850952148e+00 2.724041044712066650e-02 9.980092048645019531e-01 -5.689355731010437012e-02 -1.867272332310676575e-02 -8.850385546684265137e-01 -2.380633493885397911e-03 -4.655116200447082520e-01 -1.894816569983959198e-02
-4.648368954658508301e-01 6.083616241812705994e-02 8.833034038543701172e-01 1.372347354888916016e+00 2.494377270340919495e-02 9.981411099433898926e-01 -5.561881139874458313e-02 -2.059544809162616730e-02 -8.850447535514831543e-01 -3.820858895778656006e-03 -4.654902517795562744e-01 -3.085541538894176483e-02
-4.651912748813629150e-01 5.987770482897758484e-02 8.831823468208312988e-01 1.396987438201904297e+00 2.395704761147499084e-02 9.981964826583862305e-01 -5.505668744444847107e-02 -2.253304049372673035e-02 -8.848857879638671875e-01 -4.453550558537244797e-03 -4.657867848873138428e-01 -4.328912124037742615e-02
-4.652675986289978027e-01 5.915985256433486938e-02 8.831905722618103027e-01 1.422112941741943359e+00 2.377538569271564484e-02 9.982400536537170410e-01 -5.434139817953109741e-02 -2.446904033422470093e-02 -8.848505616188049316e-01 -4.285201430320739746e-03 -4.658553004264831543e-01 -5.598117411136627197e-02
-4.650555253028869629e-01 5.881479755043983459e-02 8.833252787590026855e-01 1.448039531707763672e+00 2.403516881167888641e-02 9.982624053955078125e-01 -5.381360277533531189e-02 -2.647236548364162445e-02 -8.849549889564514160e-01 -3.795554861426353455e-03 -4.656610190868377686e-01 -6.906006485223770142e-02
-4.649274051189422607e-01 5.787801742553710938e-02 8.834546208381652832e-01 1.474060297012329102e+00 2.404812537133693695e-02 9.983190298080444336e-01 -5.274758487939834595e-02 -2.849781699478626251e-02 -8.850219845771789551e-01 -3.278483403846621513e-03 -4.655376970767974854e-01 -8.219162374734878540e-02
-4.647487699985504150e-01 5.765282362699508667e-02 8.835633397102355957e-01 1.500866413116455078e+00 2.387412078678607941e-02 9.983319044113159180e-01 -5.258388072252273560e-02 -3.051746822893619537e-02 -8.851205706596374512e-01 -3.344097873196005821e-03 -4.653498232364654541e-01 -9.569130092859268188e-02
-4.646301269531250000e-01 5.635765567421913147e-02 8.837093114852905273e-01 1.527426719665527344e+00 2.242395840585231781e-02 9.984022378921508789e-01 -5.188218131661415100e-02 -3.255559131503105164e-02 -8.852207660675048828e-01 -4.289865959435701370e-03 -4.651514589786529541e-01 -1.089527457952499390e-01
-4.643040895462036133e-01 5.586066469550132751e-02 8.839122653007507324e-01 1.553592681884765625e+00 2.217015251517295837e-02 9.984301924705505371e-01 -5.145226046442985535e-02 -3.454709798097610474e-02 -8.853982686996459961e-01 -4.293142817914485931e-03 -4.648135602474212646e-01 -1.220578625798225403e-01
-4.635771214962005615e-01 5.540214851498603821e-02 8.843225836753845215e-01 1.580600619316101074e+00 2.141948975622653961e-02 9.984531998634338379e-01 -5.132390186190605164e-02 -3.658862411975860596e-02 -8.857976198196411133e-01 -4.850951489061117172e-03 -4.640466272830963135e-01 -1.355567872524261475e-01
-4.623510837554931641e-01 5.418298020958900452e-02 8.850396275520324707e-01 1.606862783432006836e+00 2.138608321547508240e-02 9.985231757164001465e-01 -4.995834082365036011e-02 -3.861044347286224365e-02 -8.864390254020690918e-01 -4.170886706560850143e-03 -4.628268778324127197e-01 -1.486018449068069458e-01
-4.603984057903289795e-01 5.247488617897033691e-02 8.861598372459411621e-01 1.633137226104736328e+00 2.205622754991054535e-02 9.986202120780944824e-01 -4.767520725727081299e-02 -4.058222845196723938e-02 -8.874382972717285156e-01 -2.404366852715611458e-03 -4.609204232692718506e-01 -1.615986675024032593e-01
-4.578127562999725342e-01 5.138305202126502991e-02 8.875623345375061035e-01 1.659764409065246582e+00 2.248856239020824432e-02 9.986791610717773438e-01 -4.621608182787895203e-02 -4.251605272293090820e-02 -8.887640833854675293e-01 -1.198431360535323620e-03 -4.583634734153747559e-01 -1.747203916311264038e-01
-4.552236795425415039e-01 5.151642486453056335e-02 8.888853192329406738e-01 1.686239957809448242e+00 2.296888083219528198e-02 9.986728429794311523e-01 -4.611629992723464966e-02 -4.444169625639915466e-02 -8.900807499885559082e-01 -5.766531685367226601e-04 -4.558026492595672607e-01 -1.876857429742813110e-01
-4.527588784694671631e-01 5.234102904796600342e-02 8.900951743125915527e-01 1.712790966033935547e+00 2.401249669492244720e-02 9.986300468444824219e-01 -4.650904238224029541e-02 -4.633297398686408997e-02 -8.913096189498901367e-01 3.158917243126779795e-04 -4.533953368663787842e-01 -2.006738185882568359e-01
-4.514732956886291504e-01 5.327507108449935913e-02 8.906925320625305176e-01 1.739112734794616699e+00 2.472763881087303162e-02 9.985804557800292969e-01 -4.719427600502967834e-02 -4.822662845253944397e-02 -8.919419050216674805e-01 7.176377694122493267e-04 -4.521496891975402832e-01 -2.134247720241546631e-01
-4.522055089473724365e-01 5.488092824816703796e-02 8.902235031127929688e-01 1.765681028366088867e+00 2.469875477254390717e-02 9.984937310218811035e-01 -4.900945350527763367e-02 -5.025551468133926392e-02 -8.915717005729675293e-01 -1.750639203237369657e-04 -4.528797864913940430e-01 -2.263414114713668823e-01
-4.550660550594329834e-01 5.696640908718109131e-02 8.886333703994750977e-01 1.791731953620910645e+00 2.417347021400928497e-02 9.983749389648437500e-01 -5.162233859300613403e-02 -5.228304117918014526e-02 -8.901294469833374023e-01 -2.010369673371315002e-03 -4.557035267353057861e-01 -2.390350848436355591e-01
-4.594837427139282227e-01 5.780873075127601624e-02 8.863027691841125488e-01 1.817288637161254883e+00 2.371777780354022980e-02 9.983232617378234863e-01 -5.281930044293403625e-02 -5.427511036396026611e-02 -8.878693580627441406e-01 -3.248622640967369080e-03 -4.600842893123626709e-01 -2.517100572586059570e-01
-4.647584557533264160e-01 5.623921006917953491e-02 8.836494088172912598e-01 1.842490792274475098e+00 2.516871504485607147e-02 9.984174966812133789e-01 -5.030597373843193054e-02 -5.633109807968139648e-02 -8.850796222686767578e-01 -1.139938831329345703e-03 -4.654383361339569092e-01 -2.644367814064025879e-01
-4.701274335384368896e-01 5.372148007154464722e-02 8.809618353843688965e-01 1.867729187011718750e+00 2.646645531058311462e-02 9.985558986663818359e-01 -4.676852747797966003e-02 -5.833894386887550354e-02 -8.822014927864074707e-01 1.328653888776898384e-03 -4.708702266216278076e-01 -2.774100899696350098e-01
-4.753885567188262939e-01 5.167491734027862549e-02 8.782567977905273438e-01 1.893176436424255371e+00 2.417749352753162384e-02 9.986647367477416992e-01 -4.567250236868858337e-02 -6.027312204241752625e-02 -8.794435262680053711e-01 -4.782686592079699039e-04 -4.760030508041381836e-01 -2.905129492282867432e-01
-4.802516996860504150e-01 5.491140857338905334e-02 8.754100203514099121e-01 1.918254852294921875e+00 2.609637752175331116e-02 9.984920620918273926e-01 -4.831536114215850830e-02 -6.215600296854972839e-02 -8.767423629760742188e-01 -3.586258098948746920e-04 -4.809603691101074219e-01 -3.038123846054077148e-01
-4.850818216800689697e-01 5.655964463949203491e-02 8.726376295089721680e-01 1.942369580268859863e+00 2.650950103998184204e-02 9.983994960784912109e-01 -4.997471719980239868e-02 -6.403413414955139160e-02 -8.740668296813964844e-01 -1.108744647353887558e-03 -4.858046770095825195e-01 -3.167356252670288086e-01
-4.895741939544677734e-01 5.798006057739257812e-02 8.700317144393920898e-01 1.966209411621093750e+00 2.602591924369335175e-02 9.983148574829101562e-01 -5.188396573066711426e-02 -6.590393930673599243e-02 -8.715732097625732422e-01 -2.757766051217913628e-03 -4.902580082416534424e-01 -3.296188116073608398e-01
-4.928940534591674805e-01 5.836845189332962036e-02 8.681291937828063965e-01 1.989657163619995117e+00 2.536741085350513458e-02 9.982881546020507812e-01 -5.271686986088752747e-02 -6.779863685369491577e-02 -8.697195053100585938e-01 -3.961731214076280594e-03 -4.935307502746582031e-01 -3.424218297004699707e-01
-4.957788884639739990e-01 5.746872350573539734e-02 8.665450811386108398e-01 2.013005018234252930e+00 2.596332319080829620e-02 9.983437657356262207e-01 -5.135503411293029785e-02 -6.965555995702743530e-02 -8.680606484413146973e-01 -2.962452825158834457e-03 -4.964496493339538574e-01 -3.553939759731292725e-01
-4.972445070743560791e-01 5.040334165096282959e-02 8.661449551582336426e-01 2.036004543304443359e+00 2.631432749330997467e-02 9.987288117408752441e-01 -4.301195219159126282e-02 -7.145833969116210938e-02 -8.672114014625549316e-01 1.404469017870724201e-03 -4.979385733604431152e-01 -3.682605326175689697e-01
-4.983890950679779053e-01 4.161069914698600769e-02 8.659541606903076172e-01 2.060328245162963867e+00 2.527685835957527161e-02 9.991211891174316406e-01 -3.346180170774459839e-02 -7.315376400947570801e-02 -8.665849566459655762e-01 5.211503710597753525e-03 -4.990026950836181641e-01 -3.818749487400054932e-01
-4.996995925903320312e-01 4.028340429067611694e-02 8.652613759040832520e-01 2.084896564483642578e+00 2.641649730503559113e-02 9.991630315780639648e-01 -3.126148134469985962e-02 -7.467772811651229858e-02 -8.657959103584289551e-01 7.235715165734291077e-03 -5.003452897071838379e-01 -3.955602347850799561e-01
-5.006887316703796387e-01 4.504999890923500061e-02 8.644540905952453613e-01 2.108450412750244141e+00 2.676633000373840332e-02 9.989740252494812012e-01 -3.655733913183212280e-02 -7.616114616394042969e-02 -8.652135133743286133e-01 4.834318999201059341e-03 -5.013806223869323730e-01 -4.086994528770446777e-01
-5.015971064567565918e-01 5.209377780556678772e-02 8.635312914848327637e-01 2.130563259124755859e+00 2.980137057602405548e-02 9.986343979835510254e-01 -4.293338581919670105e-02 -7.769200950860977173e-02 -8.645879030227661133e-01 4.199055489152669907e-03 -5.024643540382385254e-01 -4.211821556091308594e-01
-5.016732811927795410e-01 5.543510988354682922e-02 8.632789850234985352e-01 2.153405189514160156e+00 3.494087606668472290e-02 9.984298348426818848e-01 -4.380869492888450623e-02 -7.932723313570022583e-02 -8.643511533737182617e-01 8.185967803001403809e-03 -5.028222799301147461e-01 -4.341883063316345215e-01
-5.014860630035400391e-01 5.664150044322013855e-02 8.633093833923339844e-01 2.176207304000854492e+00 3.824414312839508057e-02 9.983316659927368164e-01 -4.328465834259986877e-02 -8.094152808189392090e-02 -8.643199801445007324e-01 1.130976900458335876e-02 -5.028154253959655762e-01 -4.470597505569458008e-01
-5.011418461799621582e-01 5.339043214917182922e-02 8.637163043022155762e-01 2.198765516281127930e+00 3.715666010975837708e-02 9.985030889511108398e-01 -4.016331583261489868e-02 -8.251494914293289185e-02 -8.645669817924499512e-01 1.196518260985612869e-02 -5.023754239082336426e-01 -4.595130085945129395e-01
-5.006271600723266602e-01 4.892509058117866516e-02 8.642790913581848145e-01 2.221620082855224609e+00 3.641764819622039795e-02 9.987091422080993652e-01 -3.544020280241966248e-02 -8.400315791368484497e-02 -8.648965954780578613e-01 1.373256742954254150e-02 -5.017625689506530762e-01 -4.720667004585266113e-01
-5.000001192092895508e-01 4.245056584477424622e-02 8.649840354919433594e-01 2.245438098907470703e+00 3.331355005502700806e-02 9.990025162696838379e-01 -2.977095358073711395e-02 -8.550982922315597534e-02 -8.653842806816101074e-01 1.393009070307016373e-02 -5.009154677391052246e-01 -4.849958121776580811e-01
-4.995031058788299561e-01 3.770922869443893433e-02 8.654907345771789551e-01 2.270001649856567383e+00 2.577536739408969879e-02 9.992579221725463867e-01 -2.866157144308090210e-02 -8.695153892040252686e-02 -8.659284114837646484e-01 7.991689257323741913e-03 -5.001043081283569336e-01 -4.981290102005004883e-01
-4.980817437171936035e-01 3.339133784174919128e-02 8.664867281913757324e-01 2.294106721878051758e+00 1.958236098289489746e-02 9.994376897811889648e-01 -2.725823037326335907e-02 -8.830026537179946899e-02 -8.669087886810302734e-01 3.390916390344500542e-03 -4.984554946422576904e-01 -5.109917521476745605e-01
-4.961134493350982666e-01 3.401637449860572815e-02 8.675909042358398438e-01 2.318369150161743164e+00 2.245352417230606079e-02 9.994018077850341797e-01 -2.634474821388721466e-02 -8.957752585411071777e-02 -8.679671883583068848e-01 6.410371512174606323e-03 -4.965804219245910645e-01 -5.243284702301025391e-01
-4.932959973812103271e-01 3.728095814585685730e-02 8.690620064735412598e-01 2.342978715896606445e+00 2.648450061678886414e-02 9.992628097534179688e-01 -2.783313393592834473e-02 -9.089817106723785400e-02 -8.694580793380737305e-01 9.286593645811080933e-03 -4.939196407794952393e-01 -5.378093123435974121e-01
-4.880796968936920166e-01 4.062737524509429932e-02 8.718526959419250488e-01 2.367506504058837891e+00 2.935645915567874908e-02 9.991161227226257324e-01 -3.012335114181041718e-02 -9.223069995641708374e-02 -8.723050355911254883e-01 1.089182589203119278e-02 -4.888409376144409180e-01 -5.510401129722595215e-01
-4.799728095531463623e-01 4.280964657664299011e-02 8.762379884719848633e-01 2.391898155212402344e+00 3.471620753407478333e-02 9.989543557167053223e-01 -2.978870086371898651e-02 -9.354062378406524658e-02 -8.765959739685058594e-01 1.612180098891258240e-02 -4.809570610523223877e-01 -5.640597343444824219e-01
-4.713808894157409668e-01 4.626116156578063965e-02 8.807153701782226562e-01 2.416472196578979492e+00 4.259888455271720886e-02 9.986531734466552734e-01 -2.965601161122322083e-02 -9.488569945096969604e-02 -8.809001445770263672e-01 2.353811264038085938e-02 -4.727166593074798584e-01 -5.771221518516540527e-01
-4.614909291267395020e-01 4.572911188006401062e-02 8.859652876853942871e-01 2.440884590148925781e+00 4.114267230033874512e-02 9.987004995346069336e-01 -3.011704608798027039e-02 -9.614320844411849976e-02 -8.861901760101318359e-01 2.255213819444179535e-02 -4.627725183963775635e-01 -5.892316699028015137e-01
-4.506854116916656494e-01 4.366067796945571899e-02 8.916141986846923828e-01 2.465665340423583984e+00 3.924436867237091064e-02 9.988079071044921875e-01 -2.907277271151542664e-02 -9.739908576011657715e-02 -8.918195962905883789e-01 2.188806049525737762e-02 -4.518614709377288818e-01 -6.010854840278625488e-01
-4.390470683574676514e-01 4.089447855949401855e-02 8.975325226783752441e-01 2.490827322006225586e+00 3.962850570678710938e-02 9.988741278648376465e-01 -2.612672746181488037e-02 -9.864818304777145386e-02 -8.975894451141357422e-01 2.409690059721469879e-02 -4.401732981204986572e-01 -6.128859519958496094e-01
-4.276598691940307617e-01 4.074921086430549622e-02 9.030203819274902344e-01 2.516291141510009766e+00 3.994631767272949219e-02 9.988607168197631836e-01 -2.615587040781974792e-02 -9.989814460277557373e-02 -9.030563831329345703e-01 2.488641254603862762e-02 -4.288003742694854736e-01 -6.245130896568298340e-01
-4.154277145862579346e-01 4.009320959448814392e-02 9.087417721748352051e-01 2.541785240173339844e+00 4.069424793124198914e-02 9.988483786582946777e-01 -2.546538226306438446e-02 -1.011249646544456482e-01 -9.087151885032653809e-01 2.640142478048801422e-02 -4.165808558464050293e-01 -6.356812715530395508e-01
-4.029472768306732178e-01 4.147607833147048950e-02 9.142825603485107422e-01 2.568449020385742188e+00 4.257288202643394470e-02 9.987419247627258301e-01 -2.654454484581947327e-02 -1.024094820022583008e-01 -9.142323136329650879e-01 2.822746895253658295e-02 -4.042060673236846924e-01 -6.471326947212219238e-01
-3.900740444660186768e-01 4.600216075778007507e-02 9.196333885192871094e-01 2.594835996627807617e+00 4.266225919127464294e-02 9.985828995704650879e-01 -3.185560554265975952e-02 -1.037911698222160339e-01 -9.197944402694702148e-01 2.680745907127857208e-02 -3.914837241172790527e-01 -6.580560803413391113e-01
