1.000000000000000000e+00 0.000000000000000000e+00 -4.315552359912544489e-10 0.000000000000000000e+00 1.164153218269348145e-10 1.000000000000000000e+00 -5.023964168402068886e-20 2.273736754432320595e-11 -4.354205884737893939e-10 0.000000000000000000e+00 1.000000000000000000e+00 0.000000000000000000e+00
9.976112246513366699e-01 -1.257153926417231560e-03 -6.906608492136001587e-02 -3.665897995233535767e-03 1.639289315789937973e-03 9.999836683273315430e-01 5.476533900946378708e-03 -1.062062685377895832e-03 6.905807554721832275e-02 -5.576672032475471497e-03 9.975970387458801270e-01 2.015060931444168091e-02
9.954013228416442871e-01 6.412935908883810043e-04 -9.578998386859893799e-02 -6.213386077433824539e-03 4.730646032840013504e-04 9.999325275421142578e-01 1.161026209592819214e-02 -1.718899351544678211e-03 9.579097479581832886e-02 -1.160218752920627594e-02 9.953338503837585449e-01 3.347058594226837158e-02
9.935114383697509766e-01 3.073027590289711952e-03 -1.136903986334800720e-01 -8.627354167401790619e-03 -1.227732864208519459e-03 9.998664259910583496e-01 1.629736647009849548e-02 -2.253817394375801086e-03 1.137253120541572571e-01 -1.605203934013843536e-02 9.933825135231018066e-01 4.642952606081962585e-02
9.925029873847961426e-01 4.483235999941825867e-03 -1.221370473504066467e-01 -1.106271613389253616e-02 -1.660599838942289352e-03 9.997294545173645020e-01 2.320223487913608551e-02 -2.800546353682875633e-03 1.222080290317535400e-01 -2.282546460628509521e-02 9.922419786453247070e-01 6.160666793584823608e-02
9.944356679916381836e-01 5.934094078838825226e-03 -1.051775589585304260e-01 -1.277112960815429688e-02 -2.856598701328039169e-03 9.995641112327575684e-01 2.938626147806644440e-02 -3.193360054865479469e-03 1.053061038255691528e-01 -2.892229519784450531e-02 9.940191507339477539e-01 7.642592489719390869e-02
9.972574710845947266e-01 6.019996013492345810e-03 -7.376448065042495728e-02 -1.322903856635093689e-02 -3.627429949119687080e-03 9.994643926620483398e-01 3.252599760890007019e-02 -3.401785390451550484e-03 7.392078638076782227e-02 -3.216921538114547729e-02 9.967451095581054688e-01 8.963824808597564697e-02
9.990085959434509277e-01 6.547116208821535110e-03 -4.403284192085266113e-02 -1.321656350046396255e-02 -5.196856800466775894e-03 9.995149374008178711e-01 3.070911951363086700e-02 -3.522102488204836845e-03 4.421254619956016541e-02 -3.044983744621276855e-02 9.985579848289489746e-01 1.033091098070144653e-01
9.997536540031433105e-01 8.896642364561557770e-03 -2.033237926661968231e-02 -1.343869790434837341e-02 -8.121641352772712708e-03 9.992492198944091797e-01 3.788470476865768433e-02 -3.839746350422501564e-03 2.065416425466537476e-02 -3.771023079752922058e-02 9.990752339363098145e-01 1.186961084604263306e-01
9.999424219131469727e-01 9.911254979670047760e-03 -4.108476918190717697e-03 -1.358246058225631714e-02 -9.719015099108219147e-03 9.989656805992126465e-01 4.442216083407402039e-02 -4.147012718021869659e-03 4.544508177787065506e-03 -4.437966272234916687e-02 9.990044236183166504e-01 1.349689215421676636e-01
9.999326467514038086e-01 1.076743658632040024e-02 -4.308906849473714828e-03 -1.401889324188232422e-02 -1.054476015269756317e-02 9.987565875053405762e-01 4.872642830014228821e-02 -4.334331490099430084e-03 4.828209057450294495e-03 -4.867770150303840637e-02 9.988029003143310547e-01 1.475678235292434692e-01
9.996386766433715820e-01 1.205023843795061111e-02 -2.402478456497192383e-02 -1.523085869848728180e-02 -1.071390975266695023e-02 9.984292984008789062e-01 5.499513819813728333e-02 -4.407383967190980911e-03 2.464975230395793915e-02 -5.471785739064216614e-02 9.981976151466369629e-01 1.617112159729003906e-01
9.984647035598754883e-01 1.276499871164560318e-02 -5.389960855245590210e-02 -1.724847033619880676e-02 -9.504829533398151398e-03 9.981343150138854980e-01 6.031443923711776733e-02 -4.340918734669685364e-03 5.456895381212234497e-02 -5.970951914787292480e-02 9.967232346534729004e-01 1.749401837587356567e-01
9.965412616729736328e-01 1.383873447775840759e-02 -8.193857222795486450e-02 -1.952745020389556885e-02 -8.541899733245372772e-03 9.978718757629394531e-01 6.464494019746780396e-02 -4.178994800895452499e-03 8.265879005193710327e-02 -6.372142583131790161e-02 9.945387244224548340e-01 1.885571777820587158e-01
9.928948879241943359e-01 1.466376800090074539e-02 -1.180877536535263062e-01 -2.224262244999408722e-02 -6.711212918162345886e-03 9.976993203163146973e-01 6.746240705251693726e-02 -3.991469275206327438e-03 1.188053190708160400e-01 -6.619055569171905518e-02 9.907089471817016602e-01 2.002280503511428833e-01
9.891697764396667480e-01 1.588273234665393829e-02 -1.459141671657562256e-01 -2.502372302114963531e-02 -5.577880423516035080e-03 9.974777102470397949e-01 7.076205313205718994e-02 -3.858513431623578072e-03 1.466700136661529541e-01 -6.918177753686904907e-02 9.867633581161499023e-01 2.113335579633712769e-01
9.880359172821044922e-01 1.860534586012363434e-02 -1.530978381633758545e-01 -2.776179462671279907e-02 -6.755886133760213852e-03 9.969651103019714355e-01 7.755704969167709351e-02 -3.896133508533239365e-03 1.540761590003967285e-01 -7.559482753276824951e-02 9.851629734039306641e-01 2.231488376855850220e-01
9.864557981491088867e-01 2.083079330623149872e-02 -1.626993417739868164e-01 -3.060063347220420837e-02 -7.418341003358364105e-03 9.965541362762451172e-01 8.261350542306900024e-02 -3.597795730456709862e-03 1.638595908880233765e-01 -8.028761297464370728e-02 9.832111001014709473e-01 2.353664785623550415e-01
9.874083399772644043e-01 2.376111596822738647e-02 -1.563979089260101318e-01 -3.335080668330192566e-02 -1.009980030357837677e-02 9.961070418357849121e-01 8.757161349058151245e-02 -3.129509510472416878e-03 1.578698754310607910e-01 -8.488935232162475586e-02 9.838043451309204102e-01 2.503498792648315430e-01
9.875831007957458496e-01 2.477419562637805939e-02 -1.551321595907211304e-01 -3.548097237944602966e-02 -1.068167295306921005e-02 9.957914352416992188e-01 9.102500230073928833e-02 -2.676076022908091545e-03 1.567343175411224365e-01 -8.823767304420471191e-02 9.836913347244262695e-01 2.618308663368225098e-01
9.860870242118835449e-01 2.725557982921600342e-02 -1.639805287122726440e-01 -3.845898434519767761e-02 -1.187534816563129425e-02 9.954965710639953613e-01 9.405208379030227661e-02 -2.052926458418369293e-03 1.658054739236831665e-01 -9.079619497060775757e-02 9.819698333740234375e-01 2.753297686576843262e-01
9.842369556427001953e-01 2.881094254553318024e-02 -1.744924038648605347e-01 -4.099090024828910828e-02 -1.207610499113798141e-02 9.952871203422546387e-01 9.621852636337280273e-02 -1.590279163792729378e-03 1.764421761035919189e-01 -9.259463101625442505e-02 9.799462556838989258e-01 2.861129343509674072e-01
9.808844327926635742e-01 3.024359047412872314e-02 -1.922269463539123535e-01 -4.396137222647666931e-02 -1.157552376389503479e-02 9.951678514480590820e-01 9.750550985336303711e-02 -8.370270952582359314e-04 1.942469477653503418e-01 -9.341648966073989868e-02 9.764946103096008301e-01 2.979418337345123291e-01
9.795171022415161133e-01 3.038463927805423737e-02 -1.990554928779602051e-01 -4.674242809414863586e-02 -1.097590569406747818e-02 9.951367378234863281e-01 9.789115190505981445e-02 -3.219563222955912352e-04 2.010617852210998535e-01 -9.370123594999313354e-02 9.750868678092956543e-01 3.096170425415039062e-01
9.807088971138000488e-01 3.077442012727260590e-02 -1.930362135171890259e-01 -4.876775294542312622e-02 -1.195956952869892120e-02 9.951258897781372070e-01 9.788604080677032471e-02 3.313827983220107853e-05 1.951077133417129517e-01 -9.368907660245895386e-02 9.762968420982360840e-01 3.192509114742279053e-01
9.828032851219177246e-01 3.089799731969833374e-02 -1.820523589849472046e-01 -5.053901672363281250e-02 -1.336109545081853867e-02 9.952163696289062500e-01 9.677898138761520386e-02 3.424652095418423414e-04 1.841717362403869629e-01 -9.268228709697723389e-02 9.785146117210388184e-01 3.297205567359924316e-01
9.841798543930053711e-01 3.206375241279602051e-02 -1.742469370365142822e-01 -5.203055217862129211e-02 -1.524725090712308884e-02 9.951673150062561035e-01 9.700448811054229736e-02 5.555816460400819778e-04 1.765151619911193848e-01 -9.281308948993682861e-02 9.799122810363769531e-01 3.382925689220428467e-01
9.844115972518920898e-01 3.461948037147521973e-02 -1.724394559860229492e-01 -5.433561652898788452e-02 -1.755535602569580078e-02 9.948812723159790039e-01 9.951635450124740601e-02 9.406343451701104641e-04 1.750019639730453491e-01 -9.493782371282577515e-02 9.799801111221313477e-01 3.495571911334991455e-01
9.844721555709838867e-01 3.410175442695617676e-02 -1.721968650817871094e-01 -5.623666942119598389e-02 -1.686708256602287292e-02 9.947866201400756836e-01 1.005754321813583374e-01 1.267927698791027069e-03 1.747289001941680908e-01 -9.610925614833831787e-02 9.799146652221679688e-01 3.593981266021728516e-01
9.805872440338134766e-01 3.515840321779251099e-02 -1.929054707288742065e-01 -5.963241681456565857e-02 -1.503768377006053925e-02 9.943805932998657227e-01 1.047924682497978210e-01 1.853670342825353146e-03 1.955057233572006226e-01 -9.985732287168502808e-02 9.756053686141967773e-01 3.722127974033355713e-01
9.788330793380737305e-01 3.587713465094566345e-02 -2.014913409948348999e-01 -6.301206350326538086e-02 -1.353186462074518204e-02 9.937060475349426270e-01 1.112002283334732056e-01 2.428073668852448463e-03 2.042126506567001343e-01 -1.061199083924293518e-01 9.731575846672058105e-01 3.846750557422637939e-01
9.786648750305175781e-01 3.830601647496223450e-02 -2.018609195947647095e-01 -6.591008603572845459e-02 -1.483967527747154236e-02 9.930793046951293945e-01 1.165051385760307312e-01 2.949516056105494499e-03 2.049267441034317017e-01 -1.110239326953887939e-01 9.724601507186889648e-01 3.959527611732482910e-01
9.781776666641235352e-01 3.890156745910644531e-02 -2.040962278842926025e-01 -6.881712377071380615e-02 -1.440807525068521500e-02 9.926513433456420898e-01 1.201492324471473694e-01 3.697941545397043228e-03 2.072703689336776733e-01 -1.145866587758064270e-01 9.715497493743896484e-01 4.075116813182830811e-01
9.802484512329101562e-01 3.914592415094375610e-02 -1.938575655221939087e-01 -7.155271619558334351e-02 -1.538897864520549774e-02 9.923406839370727539e-01 1.225696206092834473e-01 4.549148026853799820e-03 1.971708238124847412e-01 -1.171654015779495239e-01 9.733426570892333984e-01 4.206993877887725830e-01
9.818360209465026855e-01 3.985629230737686157e-02 -1.854983568191528320e-01 -7.397384941577911377e-02 -1.671656779944896698e-02 9.920570254325866699e-01 1.246736273169517517e-01 5.311443936079740524e-03 1.889939606189727783e-01 -1.193081438541412354e-01 9.747034907341003418e-01 4.322743415832519531e-01
9.806840419769287109e-01 4.102256521582603455e-02 -1.912489086389541626e-01 -7.656434923410415649e-02 -1.658938266336917877e-02 9.916809797286987305e-01 1.276469230651855469e-01 6.068375427275896072e-03 1.948942989110946655e-01 -1.220085844397544861e-01 9.732061624526977539e-01 4.425125420093536377e-01
9.804306030273437500e-01 4.181129857897758484e-02 -1.923742145299911499e-01 -7.883049547672271729e-02 -1.697530783712863922e-02 9.915016889572143555e-01 1.289820820093154907e-01 6.830616388469934464e-03 1.961322426795959473e-01 -1.231923401355743408e-01 9.728083014488220215e-01 4.521524310111999512e-01
9.785112142562866211e-01 4.218772798776626587e-02 -2.018315941095352173e-01 -8.154949545860290527e-02 -1.565241254866123199e-02 9.912187457084655762e-01 1.313033550977706909e-01 7.537626661360263824e-03 2.055985778570175171e-01 -1.253226399421691895e-01 9.705790281295776367e-01 4.616532921791076660e-01
9.770081043243408203e-01 4.225289449095726013e-02 -2.089734375476837158e-01 -8.411896228790283203e-02 -1.433209981769323349e-02 9.909642934799194336e-01 1.333589851856231689e-01 8.058512583374977112e-03 2.127199470996856689e-01 -1.272977590560913086e-01 9.687856435775756836e-01 4.696097970008850098e-01
9.754089117050170898e-01 4.221163690090179443e-02 -2.163231223821640015e-01 -8.676218986511230469e-02 -1.288069412112236023e-02 9.907288551330566406e-01 1.352434605360031128e-01 8.691651746630668640e-03 2.200263440608978271e-01 -1.291312724351882935e-01 9.669092893600463867e-01 4.780836999416351318e-01
9.735468029975891113e-01 4.197929427027702332e-02 -2.245986759662628174e-01 -8.994795382022857666e-02 -1.104310620576143265e-02 9.904737472534179688e-01 1.372597068548202515e-01 9.805101901292800903e-03 2.282210737466812134e-01 -1.311484575271606445e-01 9.647358655929565430e-01 4.897971451282501221e-01
9.683172702789306641e-01 4.197426512837409973e-02 -2.461705356836318970e-01 -9.400726109743118286e-02 -7.698236498981714249e-03 9.903218746185302734e-01 1.385772973299026489e-01 1.109053753316402435e-02 2.496046721935272217e-01 -1.322916895151138306e-01 9.592687487602233887e-01 5.021451115608215332e-01
9.607613682746887207e-01 4.187152907252311707e-02 -2.741980850696563721e-01 -9.809232503175735474e-02 -3.419434186071157455e-03 9.902536273002624512e-01 1.392355859279632568e-01 1.205634418874979019e-02 2.773555517196655273e-01 -1.328345388174057007e-01 9.515404105186462402e-01 5.122947096824645996e-01
9.540305733680725098e-01 4.132670536637306213e-02 -2.968466281890869141e-01 -1.025271266698837280e-01 1.027753809466958046e-03 9.899910092353820801e-01 1.411285400390625000e-01 1.320215780287981033e-02 2.997077405452728271e-01 -1.349460184574127197e-01 9.444389939308166504e-01 5.235618352890014648e-01
9.466737508773803711e-01 4.145703092217445374e-02 -3.195156753063201904e-01 -1.065467298030853271e-01 4.520286805927753448e-03 9.898810982704162598e-01 1.418294310569763184e-01 1.413841918110847473e-02 3.221622109413146973e-01 -1.357104927301406860e-01 9.369067549705505371e-01 5.323549509048461914e-01
9.398561716079711914e-01 4.293595999479293823e-02 -3.388612270355224609e-01 -1.117456406354904175e-01 7.506929337978363037e-03 9.892322421073913574e-01 1.461631804704666138e-01 1.541681494563817978e-02 3.414880335330963135e-01 -1.399161517620086670e-01 9.294136166572570801e-01 5.440453886985778809e-01
9.388299584388732910e-01 4.265582188963890076e-02 -3.417293131351470947e-01 -1.156394928693771362e-01 8.583024144172668457e-03 9.890932440757751465e-01 1.470420062541961670e-01 1.626299694180488586e-02 3.442742526531219482e-01 -1.409804821014404297e-01 9.282241463661193848e-01 5.531803369522094727e-01
9.278644919395446777e-01 4.581267386674880981e-02 -3.700928986072540283e-01 -1.215104684233665466e-01 1.168962568044662476e-02 9.883648157119750977e-01 1.516538113355636597e-01 1.752497069537639618e-02 3.727343976497650146e-01 -1.450404077768325806e-01 9.165329933166503906e-01 5.641401410102844238e-01
9.276787042617797852e-01 4.590279236435890198e-02 -3.705471456050872803e-01 -1.255009174346923828e-01 1.156106311827898026e-02 9.884073734283447266e-01 1.513858288526535034e-01 1.853935979306697845e-02 3.732004463672637939e-01 -1.447212994098663330e-01 9.163937568664550781e-01 5.729652643203735352e-01
9.235631227493286133e-01 4.624850675463676453e-02 -3.806470632553100586e-01 -1.306356787681579590e-01 1.377534214407205582e-02 9.880571961402893066e-01 1.534716933965682983e-01 1.952641084790229797e-02 3.831987977027893066e-01 -1.469842940568923950e-01 9.118962287902832031e-01 5.832961797714233398e-01
9.183860421180725098e-01 4.735380783677101135e-02 -3.928417563438415527e-01 -1.354712247848510742e-01 1.627497933804988861e-02 9.874523878097534180e-01 1.570768356323242188e-01 2.043845504522323608e-02 3.953506648540496826e-01 -1.506506204605102539e-01 9.060920476913452148e-01 5.925701856613159180e-01
9.118325710296630859e-01 4.652270302176475525e-02 -4.079178869724273682e-01 -1.398852467536926270e-01 2.043258957564830780e-02 9.871859550476074219e-01 1.582614183425903320e-01 2.127801440656185150e-02 4.100534915924072266e-01 -1.526426821947097778e-01 8.991979360580444336e-01 6.006863117218017578e-01
9.018036723136901855e-01 4.717471450567245483e-02 -4.295631647109985352e-01 -1.450197249650955200e-01 2.483079209923744202e-02 9.867250323295593262e-01 1.604908853769302368e-01 2.219410426914691925e-02 4.314318597316741943e-01 -1.553976237773895264e-01 8.886612057685852051e-01 6.088188886642456055e-01
8.989686369895935059e-01 4.927103221416473389e-02 -4.352330267429351807e-01 -1.502875536680221558e-01 2.477758377790451050e-02 9.863418340682983398e-01 1.628377288579940796e-01 2.309037558734416962e-02 4.373117387294769287e-01 -1.571699827909469604e-01 8.854697346687316895e-01 6.179988384246826172e-01
8.908744454383850098e-01 5.148584023118019104e-02 -4.513224959373474121e-01 -1.578333377838134766e-01 2.761583402752876282e-02 9.855797290802001953e-01 1.669441163539886475e-01 2.471560053527355194e-02 4.534095227718353271e-01 -1.611898243427276611e-01 8.766061067581176758e-01 6.307100653648376465e-01
8.779677748680114746e-01 5.396761372685432434e-02 -4.756681621074676514e-01 -1.642228513956069946e-01 3.224547579884529114e-02 9.847020506858825684e-01 1.712381094694137573e-01 2.598752453923225403e-02 4.776327013969421387e-01 -1.656796038150787354e-01 8.627966046333312988e-01 6.403515338897705078e-01
8.646858930587768555e-01 5.563618615269660950e-02 -4.992225170135498047e-01 -1.706636846065521240e-01 3.643500804901123047e-02 9.842826724052429199e-01 1.728018522262573242e-01 2.725715003907680511e-02 5.009900331497192383e-01 -1.676084101200103760e-01 8.490684032440185547e-01 6.490792036056518555e-01
8.717765212059020996e-01 5.783366039395332336e-02 -4.864783883094787598e-01 -1.757148653268814087e-01 3.252892568707466125e-02 9.839829802513122559e-01 1.752704828977584839e-01 2.819316647946834564e-02 4.888228476047515869e-01 -1.686212271451950073e-01 8.559321165084838867e-01 6.574898958206176758e-01
8.773094415664672852e-01 6.123656034469604492e-02 -4.760025441646575928e-01 -1.820008307695388794e-01 2.943885512650012970e-02 9.830921888351440430e-01 1.807305216789245605e-01 2.950052358210086823e-02 4.790215492248535156e-01 -1.725695133209228516e-01 8.606734275817871094e-01 6.683813929557800293e-01
8.894116282463073730e-01 6.429089605808258057e-02 -4.525636136531829834e-01 -1.884438842535018921e-01 2.383610792458057404e-02 9.821899533271789551e-01 1.863738000392913818e-01 3.122395463287830353e-02 4.564854502677917480e-01 -1.765503138303756714e-01 8.720387816429138184e-01 6.810221076011657715e-01
8.951610922813415527e-01 6.758971512317657471e-02 -4.405889511108398438e-01 -1.950649321079254150e-01 2.009217999875545502e-02 9.813138246536254883e-01 1.913631111383438110e-01 3.296246007084846497e-02 4.452901184558868408e-01 -1.801531016826629639e-01 8.770759701728820801e-01 6.938617825508117676e-01
9.057796597480773926e-01 6.913635134696960449e-02 -4.180714786052703857e-01 -2.006125450134277344e-01 1.499355491250753403e-02 9.807541370391845703e-01 1.946715563535690308e-01 3.467664495110511780e-02 4.234841465950012207e-01 -1.825978159904479980e-01 8.873105049133300781e-01 7.062462568283081055e-01
9.126920104026794434e-01 7.375323027372360229e-02 -4.019381403923034668e-01 -2.072247564792633057e-01 9.116617031395435333e-03 9.796591997146606445e-01 2.004629224538803101e-01 3.701417893171310425e-02 4.085471034049987793e-01 -1.866251230239868164e-01 8.934544920921325684e-01 7.210197448730468750e-01
9.092692136764526367e-01 7.839876413345336914e-02 -4.087585210800170898e-01 -2.133189886808395386e-01 8.855103515088558197e-03 9.782333374023437500e-01 2.073204070329666138e-01 3.889026492834091187e-02 4.161147773265838623e-01 -1.921295821666717529e-01 8.887830376625061035e-01 7.331930994987487793e-01
9.109436869621276855e-01 8.167203515768051147e-02 -4.043658673763275146e-01 -2.189475446939468384e-01 6.184207275509834290e-03 9.773930907249450684e-01 2.113412171602249146e-01 4.091941565275192261e-02 4.124849736690521240e-01 -1.950205713510513306e-01 8.898447751998901367e-01 7.451008558273315430e-01
9.129269123077392578e-01 8.548923581838607788e-02 -3.990693390369415283e-01 -2.252962291240692139e-01 3.468764945864677429e-03 9.761549234390258789e-01 2.170487791299819946e-01 4.312031716108322144e-02 4.081086814403533936e-01 -1.995339244604110718e-01 8.908613920211791992e-01 7.582551240921020508e-01
9.166755080223083496e-01 8.747468143701553345e-02 -3.899416029453277588e-01 -2.302893698215484619e-01 7.394402637146413326e-04 9.753773808479309082e-01 2.205425351858139038e-01 4.520168900489807129e-02 3.996319770812988281e-01 -2.024542689323425293e-01 8.940397500991821289e-01 7.697159051895141602e-01
9.082405567169189453e-01 8.932678401470184326e-02 -4.088033139705657959e-01 -2.363262772560119629e-01 4.528494086116552353e-03 9.747941493988037109e-01 2.230614274740219116e-01 4.752772301435470581e-02 4.184243381023406982e-01 -2.044446915388107300e-01 8.849428892135620117e-01 7.812470793724060059e-01
9.035757780075073242e-01 9.277258813381195068e-02 -4.182634949684143066e-01 -2.422261536121368408e-01 5.492089781910181046e-03 9.736852049827575684e-01 2.278321832418441772e-01 4.972112178802490234e-02 4.283934235572814941e-01 -2.081608027219772339e-01 8.792887330055236816e-01 7.923635244369506836e-01
9.061719775199890137e-01 9.776208549737930298e-02 -4.114550054073333740e-01 -2.487484514713287354e-01 1.276842202059924603e-03 9.722778201103210449e-01 2.338263541460037231e-01 5.248251557350158691e-02 4.229077696800231934e-01 -2.124122530221939087e-01 8.809260129928588867e-01 8.059563040733337402e-01
9.088065624237060547e-01 1.037832796573638916e-01 -4.041040241718292236e-01 -2.557338774204254150e-01 -3.699161577969789505e-03 9.705340862274169922e-01 2.409366220235824585e-01 5.568421632051467896e-02 4.172017276287078857e-01 -2.174699157476425171e-01 8.824115395545959473e-01 8.205766677856445312e-01
9.107719063758850098e-01 1.068265736103057861e-01 -3.988520801067352295e-01 -2.622177004814147949e-01 -6.798463407903909683e-03 9.697022438049316406e-01 2.441962659358978271e-01 5.879679694771766663e-02 4.128542542457580566e-01 -2.196954935789108276e-01 8.839037418365478516e-01 8.341063857078552246e-01
9.179604649543762207e-01 1.123731955885887146e-01 -3.804224431514739990e-01 -2.700455486774444580e-01 -1.395434420555830002e-02 9.675890803337097168e-01 2.521449625492095947e-01 6.277690082788467407e-02 3.964268267154693604e-01 -2.261505722999572754e-01 8.897764682769775391e-01 8.515980243682861328e-01
9.242147207260131836e-01 1.149156391620635986e-01 -3.641729056835174561e-01 -2.755354344844818115e-01 -1.883199624717235565e-02 9.662027955055236816e-01 2.570950686931610107e-01 6.572034955024719238e-02 3.814090788364410400e-01 -2.307529598474502563e-01 8.951427936553955078e-01 8.645401000976562500e-01
9.300381541252136230e-01 1.145356297492980957e-01 -3.491575121879577637e-01 -2.800034880638122559e-01 -2.194774523377418518e-02 9.658010005950927734e-01 2.583545744419097900e-01 6.835245341062545776e-02 3.668074309825897217e-01 -2.326164394617080688e-01 9.007453918457031250e-01 8.759502172470092773e-01
9.415380358695983887e-01 1.149850189685821533e-01 -3.166781961917877197e-01 -2.840016782283782959e-01 -3.023307211697101593e-02 9.650002717971801758e-01 2.605011761188507080e-01 7.123383879661560059e-02 3.355482220649719238e-01 -2.356976419687271118e-01 9.120605587959289551e-01 8.889011144638061523e-01
9.464682936668395996e-01 1.178840026259422302e-01 -3.005023002624511719e-01 -2.892640531063079834e-01 -3.540482744574546814e-02 9.632255434989929199e-01 2.663519978523254395e-01 7.473086565732955933e-02 3.208501040935516357e-01 -2.414544969797134399e-01 9.158359169960021973e-01 9.041119813919067383e-01
9.454413652420043945e-01 1.175727918744087219e-01 -3.038383424282073975e-01 -2.932270169258117676e-01 -3.334321826696395874e-02 9.626338481903076172e-01 2.687465250492095947e-01 7.721749693155288696e-02 3.240823447704315186e-01 -2.439531832933425903e-01 9.140338301658630371e-01 9.153390526771545410e-01
9.510062932968139648e-01 1.182446032762527466e-01 -2.856673598289489746e-01 -2.973961830139160156e-01 -3.810692951083183289e-02 9.617589116096496582e-01 2.712346017360687256e-01 8.028389513492584229e-02 3.068151473999023438e-01 -2.470599263906478882e-01 9.191443324089050293e-01 9.280040264129638672e-01
9.496154189109802246e-01 1.203109547495841980e-01 -2.894070744514465332e-01 -3.027551174163818359e-01 -3.767815604805946350e-02 9.605140686035156250e-01 2.756691873073577881e-01 8.400957286357879639e-02 3.111455440521240234e-01 -2.508753836154937744e-01 9.166517257690429688e-01 9.432645440101623535e-01
9.466522336006164551e-01 1.225410178303718567e-01 -2.980501651763916016e-01 -3.072400987148284912e-01 -3.656238317489624023e-02 9.597500562667846680e-01 2.784662246704101562e-01 8.695256710052490234e-02 3.201771676540374756e-01 -2.527132332324981689e-01 9.130295515060424805e-01 9.550003409385681152e-01
9.464414119720458984e-01 1.230258420109748840e-01 -2.985196411609649658e-01 -3.113188743591308594e-01 -3.616803884506225586e-02 9.591399431228637695e-01 2.806116342544555664e-01 8.991213142871856689e-02 3.208445608615875244e-01 -2.547855377197265625e-01 9.122190475463867188e-01 9.671210646629333496e-01
9.474326372146606445e-01 1.247974187135696411e-01 -2.946144938468933105e-01 -3.160502016544342041e-01 -3.795640543103218079e-02 9.581324458122253418e-01 2.837991416454315186e-01 9.376875311136245728e-02 3.176970481872558594e-01 -2.576979994773864746e-01 9.125024676322937012e-01 9.816127419471740723e-01
9.462534189224243164e-01 1.224730089306831360e-01 -2.993418872356414795e-01 -3.193930089473724365e-01 -3.426068648695945740e-02 9.582803845405578613e-01 2.837698757648468018e-01 9.625095874071121216e-02 3.216075897216796875e-01 -2.582624852657318115e-01 9.109717607498168945e-01 9.915021657943725586e-01
9.473399519920349121e-01 1.241816133260726929e-01 -2.951723337173461914e-01 -3.234921395778656006e-01 -3.598341718316078186e-02 9.571911096572875977e-01 2.872120738029479980e-01 9.899764508008956909e-02 3.182027339935302734e-01 -2.614660859107971191e-01 9.112535715103149414e-01 1.002365708351135254e+00
9.463732242584228516e-01 1.248020008206367493e-01 -2.979982793331146240e-01 -3.281732499599456787e-01 -3.501836955547332764e-02 9.565671682357788086e-01 2.894013822078704834e-01 1.023053005337715149e-01 3.211732506752014160e-01 -2.634461522102355957e-01 9.096397161483764648e-01 1.014991283416748047e+00
9.445467591285705566e-01 1.272561550140380859e-01 -3.027179241180419922e-01 -3.331345915794372559e-01 -3.473399206995964050e-02 9.554035663604736328e-01 2.932537496089935303e-01 1.055808439850807190e-01 3.265361189842224121e-01 -2.664771080017089844e-01 9.068431854248046875e-01 1.027649402618408203e+00
9.405347704887390137e-01 1.289387792348861694e-01 -3.142769932746887207e-01 -3.380318284034729004e-01 -3.169748187065124512e-02 9.544390439987182617e-01 2.967180907726287842e-01 1.087874248623847961e-01 3.382166624069213867e-01 -2.691117227077484131e-01 9.017698168754577637e-01 1.039242029190063477e+00
9.363670945167541504e-01 1.310381293296813965e-01 -3.256479203701019287e-01 -3.430116474628448486e-01 -2.862530387938022614e-02 9.531247615814208984e-01 3.012209236621856689e-01 1.119383871555328369e-01 3.498545289039611816e-01 -2.727314233779907227e-01 8.962253928184509277e-01 1.050566554069519043e+00
9.311935305595397949e-01 1.341097801923751831e-01 -3.389602005481719971e-01 -3.477865755558013916e-01 -2.592568658292293549e-02 9.518755078315734863e-01 3.053869903087615967e-01 1.151320561766624451e-01 3.636032640933990479e-01 -2.755864560604095459e-01 8.898568749427795410e-01 1.061303377151489258e+00
9.293802976608276367e-01 1.369503438472747803e-01 -3.427793681621551514e-01 -3.527517020702362061e-01 -2.585830911993980408e-02 9.505013227462768555e-01 3.096433579921722412e-01 1.182705760002136230e-01 3.682179749011993408e-01 -2.789125442504882812e-01 8.869181871414184570e-01 1.072213053703308105e+00
9.214084744453430176e-01 1.369099617004394531e-01 -3.636797070503234863e-01 -3.576857745647430420e-01 -1.867080666124820709e-02 9.503965973854064941e-01 3.104803562164306641e-01 1.213615834712982178e-01 3.881477415561676025e-01 -2.792888581752777100e-01 8.782594203948974609e-01 1.082138299942016602e+00
9.239677190780639648e-01 1.378014832735061646e-01 -3.567845821380615234e-01 -3.619941473007202148e-01 -2.087001316249370575e-02 9.496148824691772461e-01 3.127242326736450195e-01 1.244132369756698608e-01 3.819017112255096436e-01 -2.815008163452148438e-01 8.802891373634338379e-01 1.092511296272277832e+00
9.177514314651489258e-01 1.380008161067962646e-01 -3.724096417427062988e-01 -3.677145838737487793e-01 -1.407340355217456818e-02 9.484016299247741699e-01 3.167597353458404541e-01 1.281584501266479492e-01 3.969068825244903564e-01 -2.854654788970947266e-01 8.723387718200683594e-01 1.104192256927490234e+00
9.149111509323120117e-01 1.401718407869338989e-01 -3.785369098186492920e-01 -3.728369176387786865e-01 -1.262041740119457245e-02 9.472454786300659180e-01 3.202611207962036133e-01 1.312778890132904053e-01 4.034588634967803955e-01 -2.882330417633056641e-01 8.684142231941223145e-01 1.114176273345947266e+00
9.123104810714721680e-01 1.413557380437850952e-01 -3.843292593955993652e-01 -3.782449066638946533e-01 -1.047761365771293640e-02 9.462830424308776855e-01 3.231702744960784912e-01 1.347357928752899170e-01 4.093661010265350342e-01 -2.908046245574951172e-01 8.647847175598144531e-01 1.124804019927978516e+00
9.101307988166809082e-01 1.432353556156158447e-01 -3.887755274772644043e-01 -3.834160566329956055e-01 -8.865875191986560822e-03 9.448595046997070312e-01 3.273566365242004395e-01 1.378840953111648560e-01 4.142271876335144043e-01 -2.944903969764709473e-01 8.612153530120849609e-01 1.134574413299560547e+00
9.059721827507019043e-01 1.459901332855224609e-01 -3.973688483238220215e-01 -3.900420665740966797e-01 -5.522126797586679459e-03 9.426517486572265625e-01 3.337329328060150146e-01 1.421026587486267090e-01 4.233020246028900146e-01 -3.001582920551300049e-01 8.548222780227661133e-01 1.147271156311035156e+00
9.025718569755554199e-01 1.490527391433715820e-01 -4.039160013198852539e-01 -3.962611258029937744e-01 -4.199607763439416885e-03 9.411643743515014648e-01 3.379237651824951172e-01 1.460971981287002563e-01 4.305197000503540039e-01 -3.033040165901184082e-01 8.500942587852478027e-01 1.159153819084167480e+00
8.991752266883850098e-01 1.498229503631591797e-01 -4.111419320106506348e-01 -4.013482630252838135e-01 -9.005680331028997898e-04 9.401924610137939453e-01 3.406432867050170898e-01 1.493880152702331543e-01 4.375886321067810059e-01 -3.059276044368743896e-01 8.455324769020080566e-01 1.168569326400756836e+00
8.921832442283630371e-01 1.541883349418640137e-01 -4.245418012142181396e-01 -4.075983464717864990e-01 3.112778300419449806e-03 9.378077387809753418e-01 3.471420109272003174e-01 1.530926078557968140e-01 4.516637325286865234e-01 -3.110356330871582031e-01 8.362162113189697266e-01 1.178817987442016602e+00
8.873528242111206055e-01 1.543787866830825806e-01 -4.344799220561981201e-01 -4.122366309165954590e-01 7.237485609948635101e-03 9.375059604644775391e-01 3.478948771953582764e-01 1.559283137321472168e-01 4.610350131988525391e-01 -3.118498921394348145e-01 8.307810425758361816e-01 1.186804890632629395e+00
8.832333087921142578e-01 1.605339795351028442e-01 -4.406001865863800049e-01 -4.187450706958770752e-01 7.518199272453784943e-03 9.346088767051696777e-01 3.555988073348999023e-01 1.599046438932418823e-01 4.688744544982910156e-01 -3.173890411853790283e-01 8.242704868316650391e-01 1.197551846504211426e+00
8.827884793281555176e-01 1.640372574329376221e-01 -4.402011036872863770e-01 -4.252945780754089355e-01 6.742810364812612534e-03 9.325330257415771484e-01 3.610229492187500000e-01 1.642167270183563232e-01 4.697232246398925781e-01 -3.216749131679534912e-01 8.221229314804077148e-01 1.209174633026123047e+00
8.755052089691162109e-01 1.637057960033416748e-01 -4.546336829662322998e-01 -4.316865503787994385e-01 1.261923927813768387e-02 9.327958822250366211e-01 3.601852953433990479e-01 1.683412194252014160e-01 4.830447733402252197e-01 -3.210810720920562744e-01 8.146014809608459473e-01 1.219801545143127441e+00
8.756642341613769531e-01 1.677578836679458618e-01 -4.528469145298004150e-01 -4.379846751689910889e-01 1.085937768220901489e-02 9.306469559669494629e-01 3.657584488391876221e-01 1.722635924816131592e-01 4.827993512153625488e-01 -3.251990675926208496e-01 8.131120800971984863e-01 1.230194330215454102e+00
8.715735077857971191e-01 1.690743565559387207e-01 -4.601894617080688477e-01 -4.446404576301574707e-01 1.561160106211900711e-02 9.286063313484191895e-01 3.707390427589416504e-01 1.765355616807937622e-01 4.900172352790832520e-01 -3.303104639053344727e-01 8.067087531089782715e-01 1.241027712821960449e+00
8.688592910766601562e-01 1.692516207695007324e-01 -4.652293026447296143e-01 -4.510142505168914795e-01 1.904175430536270142e-02 9.276227951049804688e-01 3.730338513851165771e-01 1.805505752563476562e-01 4.946937561035156250e-01 -3.329725563526153564e-01 8.027503490447998047e-01 1.251143574714660645e+00
8.658962249755859375e-01 1.714865565299987793e-01 -4.699116647243499756e-01 -4.577135145664215088e-01 2.138819545507431030e-02 9.258503913879394531e-01 3.772855401039123535e-01 1.848205327987670898e-01 4.997671842575073242e-01 -3.367405533790588379e-01 7.980221509933471680e-01 1.261561512947082520e+00
8.624801635742187500e-01 1.753491759300231934e-01 -4.747436642646789551e-01 -4.643929600715637207e-01 2.275101654231548309e-02 9.236767292022705078e-01 3.824975788593292236e-01 1.889487057924270630e-01 5.055801868438720703e-01 -3.406972885131835938e-01 7.926630973815917969e-01 1.271558165550231934e+00
8.640145659446716309e-01 1.776031851768493652e-01 -4.711016416549682617e-01 -4.705354273319244385e-01 2.064648084342479706e-02 9.224281311035156250e-01 3.856175243854522705e-01 1.930813193321228027e-01 5.030441880226135254e-01 -3.429056107997894287e-01 7.933240532875061035e-01 1.281480431556701660e+00
8.652119040489196777e-01 1.873781085014343262e-01 -4.650793075561523438e-01 -4.782323837280273438e-01 1.384727098047733307e-02 9.182650446891784668e-01 3.957252502441406250e-01 1.982227712869644165e-01 5.012161135673522949e-01 -3.488260507583618164e-01 7.918987274169921875e-01 1.293741226196289062e+00
8.676141500473022461e-01 1.853686422109603882e-01 -4.613947868347167969e-01 -4.829806089401245117e-01 1.326671708375215530e-02 9.189537763595581055e-01 3.941432237625122070e-01 2.018242031335830688e-01 4.970621168613433838e-01 -3.480851948261260986e-01 7.948375344276428223e-01 1.302126526832580566e+00
8.658103942871093750e-01 1.902642995119094849e-01 -4.627882242202758789e-01 -4.900376796722412109e-01 1.285304129123687744e-02 9.161244630813598633e-01 4.006889164447784424e-01 2.067658752202987671e-01 5.002082586288452148e-01 -3.528686165809631348e-01 7.907441258430480957e-01 1.313151717185974121e+00
8.629556894302368164e-01 1.878518015146255493e-01 -4.690631330013275146e-01 -4.950975179672241211e-01 1.638913713395595551e-02 9.174277186393737793e-01 3.975659608840942383e-01 2.104850411415100098e-01 5.050148963928222656e-01 -3.507691025733947754e-01 7.886201739311218262e-01 1.321457147598266602e+00
8.604192733764648438e-01 1.919161081314086914e-01 -4.720677137374877930e-01 -5.017858147621154785e-01 1.677611283957958221e-02 9.152022004127502441e-01 4.026467502117156982e-01 2.147810757160186768e-01 5.093117356300354004e-01 -3.543642759323120117e-01 7.842374444007873535e-01 1.331092357635498047e+00
8.589200973510742188e-01 1.997790485620498657e-01 -4.715354144573211670e-01 -5.099061727523803711e-01 1.355935540050268173e-02 9.115743041038513184e-01 4.109126627445220947e-01 2.205520421266555786e-01 5.119312405586242676e-01 -3.593345880508422852e-01 7.802600860595703125e-01 1.343526482582092285e+00
8.608655929565429688e-01 2.040333300828933716e-01 -4.661350548267364502e-01 -5.162596106529235840e-01 8.388101123273372650e-03 9.102711081504821777e-01 4.139287471771240234e-01 2.253346145153045654e-01 5.087645053863525391e-01 -3.602466881275177002e-01 7.819090485572814941e-01 1.353782653808593750e+00
8.642290830612182617e-01 2.094038277864456177e-01 -4.574486911296844482e-01 -5.236909985542297363e-01 1.674251048825681210e-03 9.080588817596435547e-01 4.188403189182281494e-01 2.311731874942779541e-01 5.030970573425292969e-01 -3.627395331859588623e-01 7.844195961952209473e-01 1.366139769554138184e+00
8.605308532714843750e-01 2.157388478517532349e-01 -4.614591300487518311e-01 -5.324782729148864746e-01 2.279859967529773712e-03 9.042487740516662598e-01 4.270009696483612061e-01 2.379028946161270142e-01 5.093945264816284180e-01 -3.684992492198944092e-01 7.776414752006530762e-01 1.379923105239868164e+00
8.587883114814758301e-01 2.202981263399124146e-01 -4.625498950481414795e-01 -5.401352643966674805e-01 1.886619138531386852e-03 9.014675617218017578e-01 4.328437447547912598e-01 2.439054995775222778e-01 5.123283267021179199e-01 -3.725934624671936035e-01 7.737535238265991211e-01 1.391873002052307129e+00
8.589184880256652832e-01 2.244041264057159424e-01 -4.603291451930999756e-01 -5.471953153610229492e-01 -8.348393603228032589e-04 8.994940519332885742e-01 4.369333088397979736e-01 2.495248764753341675e-01 5.121129155158996582e-01 -3.749054074287414551e-01 7.727787494659423828e-01 1.402974843978881836e+00
8.644511103630065918e-01 2.245084494352340698e-01 -4.498013854026794434e-01 -5.523158907890319824e-01 -6.051644217222929001e-03 8.993219137191772461e-01 4.372464418411254883e-01 2.538074254989624023e-01 5.026817321777343750e-01 -3.752557337284088135e-01 7.787779569625854492e-01 1.412133812904357910e+00
8.614290356636047363e-01 2.310203164815902710e-01 -4.522948563098907471e-01 -5.590353608131408691e-01 -7.078200113028287888e-03 8.959313631057739258e-01 4.441373050212860107e-01 2.590699791908264160e-01 5.078298449516296387e-01 -3.793909847736358643e-01 7.734159827232360840e-01 1.422416448593139648e+00
8.513189554214477539e-01 2.321145087480545044e-01 -4.705103039741516113e-01 -5.651563405990600586e-01 2.231455873697996140e-03 8.951992392539978027e-01 4.456618130207061768e-01 2.634946405887603760e-01 5.246449112892150879e-01 -3.804498910903930664e-01 7.615815997123718262e-01 1.430630445480346680e+00
8.431174755096435547e-01 2.365490496158599854e-01 -4.829062521457672119e-01 -5.718827843666076660e-01 7.914380170404911041e-03 8.924898505210876465e-01 4.509993791580200195e-01 2.681916952133178711e-01 5.376722812652587891e-01 -3.840669691562652588e-01 7.506011128425598145e-01 1.439485788345336914e+00
8.446744680404663086e-01 2.376792579889297485e-01 -4.796190857887268066e-01 -5.775700211524963379e-01 8.543843403458595276e-03 8.899132609367370605e-01 4.560509920120239258e-01 2.725777029991149902e-01 5.352131128311157227e-01 -3.893120884895324707e-01 7.496559023857116699e-01 1.447958350181579590e+00
8.325481414794921875e-01 2.428723275661468506e-01 -4.978730678558349609e-01 -5.856724977493286133e-01 1.682621613144874573e-02 8.872616291046142578e-01 4.609607756137847900e-01 2.781967818737030029e-01 5.536981225013732910e-01 -3.921490013599395752e-01 7.346008419990539551e-01 1.458109498023986816e+00
8.170965909957885742e-01 2.486942857503890991e-01 -5.201010107994079590e-01 -5.937670469284057617e-01 2.879327721893787384e-02 8.834376335144042969e-01 4.676645100116729736e-01 2.834941744804382324e-01 5.757820606231689453e-01 -3.971022069454193115e-01 7.146926522254943848e-01 1.466939449310302734e+00
8.044185042381286621e-01 2.549641132354736328e-01 -5.365677475929260254e-01 -6.024561524391174316e-01 3.674145787954330444e-02 8.801347017288208008e-01 4.733014404773712158e-01 2.893230020999908447e-01 5.929264426231384277e-01 -4.004464149475097656e-01 6.986283659934997559e-01 1.476513504981994629e+00
7.929089069366455078e-01 2.628465592861175537e-01 -5.497344136238098145e-01 -6.114427447319030762e-01 4.255912452936172485e-02 8.760872483253479004e-01 4.802719950675964355e-01 2.954784929752349854e-01 6.078527569770812988e-01 -4.042077958583831787e-01 6.834703087806701660e-01 1.485831975936889648e+00
